
[15.937652593997154, 53.957461707435776]
[-83.65060556338834, 54.841779687475885]
[-82.73936329130008, -53.36090892784579]
[15.937652593997154, 53.957461707435776]
[-83.65060556338834, 54.841779687475885]
[-82.73936329130008, -53.36090892784579]
[15.937652593997154, 53.957461707435776]
[-83.65060556338834, 54.841779687475885]
[-82.73936329130008, -53.36090892784579]
[15.614606338373465, 54.01514743538905]
[-83.28911468622846, 55.24012973495246]
[-82.21301695177044, -54.45088666166348]
[15.614606338373465, 54.01514743538905]
[-83.28911468622846, 55.24012973495246]
[-82.21301695177044, -54.45088666166348]
[15.614606338373465, 54.01514743538905]
[-83.28911468622846, 55.24012973495246]
[-82.21301695177044, -54.45088666166348]
[16.232007326177488, 54.28233868874178]
[-83.29069915290049, 54.51529708048782]
[-82.91511516868904, -53.95434398136705]
[16.232007326177488, 54.28233868874178]
[-83.29069915290049, 54.51529708048782]
[-82.91511516868904, -53.95434398136705]
[16.232007326177488, 54.28233868874178]
[-83.29069915290049, 54.51529708048782]
[-82.91511516868904, -53.95434398136705]
[16.232007326177488, 54.28233868874178]
[-83.29069915290049, 54.51529708048782]
[-82.91511516868904, -53.95434398136705]
[16.232007326177488, 54.28233868874178]
[-83.29069915290049, 54.51529708048782]
[-82.91511516868904, -53.95434398136705]
[15.703803431618091, 54.37528575387568]
[-83.65996003350611, 54.74729021106899]
[-82.8525423927404, -53.92384530858784]
[15.703803431618091, 54.37528575387568]
[-83.65996003350611, 54.74729021106899]
[-82.8525423927404, -53.92384530858784]
[15.703803431618091, 54.37528575387568]
[-83.65996003350611, 54.74729021106899]
[-82.8525423927404, -53.92384530858784]
[15.703803431618091, 54.37528575387568]
[-83.65996003350611, 54.74729021106899]
[-82.8525423927404, -53.92384530858784]
[15.703803431618091, 54.37528575387568]
[-83.65996003350611, 54.74729021106899]
[-82.8525423927404, -53.92384530858784]
[15.75372353015696, 53.94841303339692]
[-83.42158541179963, 55.00745276587226]
[-82.90074230558402, -54.18540127739789]
[15.75372353015696, 53.94841303339692]
[-83.42158541179963, 55.00745276587226]
[-82.90074230558402, -54.18540127739789]
[15.75372353015696, 53.94841303339692]
[-83.42158541179963, 55.00745276587226]
[-82.90074230558402, -54.18540127739789]
[15.75372353015696, 53.94841303339692]
[-83.42158541179963, 55.00745276587226]
[-82.90074230558402, -54.18540127739789]
[15.75372353015696, 53.94841303339692]
[-83.42158541179963, 55.00745276587226]
[-82.90074230558402, -54.18540127739789]
[0.119558266769231, -175.04608020384615]
[-2.2948161860909093, 34.83791203954545]
[-25.375967434761904, -185.43133789523807]
[-0.2348360278148152, -178.14805804814816]
[-0.8021308062608697, 45.30707837130435]
[-25.158735543684212, -183.5307153842105]
[-0.2348360278148152, -178.14805804814816]
[-0.8021308062608697, 45.30707837130435]
[-25.158735543684212, -183.5307153842105]
[-0.2348360278148152, -178.14805804814816]
[-0.8021308062608697, 45.30707837130435]
[-25.158735543684212, -183.5307153842105]
[-0.2348360278148152, -178.14805804814816]
[-0.8021308062608697, 45.30707837130435]
[-25.158735543684212, -183.5307153842105]
[-0.2348360278148152, -178.14805804814816]
[-0.8021308062608697, 45.30707837130435]
[-25.158735543684212, -183.5307153842105]
[-3.884737486708333, -198.37199560416664]
[-3.0728324339166675, 41.24387441041666]
[-26.58394577619048, -163.10315074285714]
[-3.884737486708333, -198.37199560416664]
[-3.0728324339166675, 41.24387441041666]
[-26.58394577619048, -163.10315074285714]
[-3.884737486708333, -198.37199560416664]
[-3.0728324339166675, 41.24387441041666]
[-26.58394577619048, -163.10315074285714]
[-3.884737486708333, -198.37199560416664]
[-3.0728324339166675, 41.24387441041666]
[-26.58394577619048, -163.10315074285714]
[-3.884737486708333, -198.37199560416664]
[-3.0728324339166675, 41.24387441041666]
[-26.58394577619048, -163.10315074285714]
[-1.2738780565454546, -181.34744199999997]
[-2.321192624, 64.19259240038463]
[-25.14431779190476, -184.04407394285712]
[-1.2738780565454546, -181.34744199999997]
[-2.321192624, 64.19259240038463]
[-25.14431779190476, -184.04407394285712]
[-1.2738780565454546, -181.34744199999997]
[-2.321192624, 64.19259240038463]
[-25.14431779190476, -184.04407394285712]
[-1.2738780565454546, -181.34744199999997]
[-2.321192624, 64.19259240038463]
[-25.14431779190476, -184.04407394285712]
[-1.2738780565454546, -181.34744199999997]
[-2.321192624, 64.19259240038463]
[-25.14431779190476, -184.04407394285712]
[-2.1354239605714285, -187.91465832857142]
[-1.7925330426428565, 45.10424649071428]
[-25.4096278965, -181.043179725]
[-2.1354239605714285, -187.91465832857142]
[-1.7925330426428565, 45.10424649071428]
[-25.4096278965, -181.043179725]
[-2.1354239605714285, -187.91465832857142]
[-1.7925330426428565, 45.10424649071428]
[-25.4096278965, -181.043179725]
[-2.1354239605714285, -187.91465832857142]
[-1.7925330426428565, 45.10424649071428]
[-25.4096278965, -181.043179725]
[-2.1354239605714285, -187.91465832857142]
[-1.7925330426428565, 45.10424649071428]
[-25.4096278965, -181.043179725]
[-1.0825626713809526, -178.48871391904757]
[-0.1252074558333334, 38.429146128750006]
[-25.353182255416673, -180.12082990833332]
[-1.0825626713809526, -178.48871391904757]
[-0.1252074558333334, 38.429146128750006]
[-25.353182255416673, -180.12082990833332]
[-1.0825626713809526, -178.48871391904757]
[-0.1252074558333334, 38.429146128750006]
[-25.353182255416673, -180.12082990833332]
[-1.0825626713809526, -178.48871391904757]
[-0.1252074558333334, 38.429146128750006]
[-25.353182255416673, -180.12082990833332]
[-1.0825626713809526, -178.48871391904757]
[-0.1252074558333334, 38.429146128750006]
[-25.353182255416673, -180.12082990833332]
[-3.1726283750769233, -192.10518930384612]
[-2.0675197057599997, 54.152626260400005]
[-26.579019799999998, -161.5345109222222]
[-3.1726283750769233, -192.10518930384612]
[-2.0675197057599997, 54.152626260400005]
[-26.579019799999998, -161.5345109222222]
[-3.1726283750769233, -192.10518930384612]
[-2.0675197057599997, 54.152626260400005]
[-26.579019799999998, -161.5345109222222]
[-3.1726283750769233, -192.10518930384612]
[-2.0675197057599997, 54.152626260400005]
[-26.579019799999998, -161.5345109222222]
[-3.1726283750769233, -192.10518930384612]
[16.163143320588496, 54.402547607231206]
[-83.13825647306687, 54.71033618661642]
[-82.85273046108081, -53.42476330183046]
[16.163143320588496, 54.402547607231206]
[-83.13825647306687, 54.71033618661642]
[-82.85273046108081, -53.42476330183046]
[16.163143320588496, 54.402547607231206]
[-83.13825647306687, 54.71033618661642]
[-82.85273046108081, -53.42476330183046]
[16.163143320588496, 54.402547607231206]
[-83.13825647306687, 54.71033618661642]
[-82.85273046108081, -53.42476330183046]
[16.360236704144413, 54.797807278277475]
[-83.30799215489779, 54.36351216345407]
[-83.15706170718262, -53.50215899120154]
[16.360236704144413, 54.797807278277475]
[-83.30799215489779, 54.36351216345407]
[-83.15706170718262, -53.50215899120154]
[16.360236704144413, 54.797807278277475]
[-83.30799215489779, 54.36351216345407]
[-83.15706170718262, -53.50215899120154]
[16.360236704144413, 54.797807278277475]
[-83.30799215489779, 54.36351216345407]
[-83.15706170718262, -53.50215899120154]
[16.117912102100668, 54.518253782061066]
[-83.18656698253949, 54.411946337464265]
[-83.46862325841407, -53.97296366980053]
[16.04230316271547, 54.75417998188059]
[-83.4002159930945, 54.566408851606816]
[-82.82770799587297, -54.456175502987875]
[16.04230316271547, 54.75417998188059]
[-83.4002159930945, 54.566408851606816]
[-82.82770799587297, -54.456175502987875]
[16.365439328945804, 54.70109994173916]
[-83.66630526945383, 54.42462649231475]
[-83.0075011796575, -53.91151312964776]
[16.365439328945804, 54.70109994173916]
[-83.66630526945383, 54.42462649231475]
[-83.0075011796575, -53.91151312964776]
[15.860159476058767, 54.511364906255935]
[-82.79693711872451, 54.60692645319546]
[-82.62417280779049, -53.55402485218238]
[15.860159476058767, 54.511364906255935]
[-82.79693711872451, 54.60692645319546]
[-82.62417280779049, -53.55402485218238]
[16.20228327131693, 54.62353921281072]
[-83.55528049912475, 54.56586425259675]
[-82.99728509817217, -54.128143847559826]
[16.20228327131693, 54.62353921281072]
[-83.55528049912475, 54.56586425259675]
[-82.99728509817217, -54.128143847559826]
[16.156705593085125, 54.72944888049479]
[-83.67737155062832, 55.21693532528087]
[-82.76653584072932, -53.11622447749752]
[16.156705593085125, 54.72944888049479]
[-83.67737155062832, 55.21693532528087]
[-82.76653584072932, -53.11622447749752]
[16.029586402788635, 54.52133150495626]
[-83.05570686920179, 55.19144574414748]
[-83.1421066740173, -54.01594052287649]
[16.029586402788635, 54.52133150495626]
[-83.05570686920179, 55.19144574414748]
[-83.1421066740173, -54.01594052287649]
[15.593031814595436, 53.913644653003885]
[-83.17276295161773, 54.72394819265532]
[-82.70816469383712, -53.97636241619309]
[15.593031814595436, 53.913644653003885]
[-83.17276295161773, 54.72394819265532]
[-82.70816469383712, -53.97636241619309]
[15.974066845802584, 54.431571486013326]
[-83.14135975629455, 54.97317963804973]
[-82.59189874151188, -53.47152095574549]
[15.974066845802584, 54.431571486013326]
[-83.14135975629455, 54.97317963804973]
[-82.59189874151188, -53.47152095574549]
[16.30036086905632, 54.37040900254651]
[-83.52556436410954, 54.82665824714544]
[-83.01216836356866, -54.21078541073825]
[16.30036086905632, 54.37040900254651]
[-83.52556436410954, 54.82665824714544]
[-83.01216836356866, -54.21078541073825]
[15.723795201874143, 54.25419508370795]
[-83.15159377870174, 54.73655024007593]
[-82.86586148555105, -53.84544182808547]
[15.723795201874143, 54.25419508370795]
[-83.15159377870174, 54.73655024007593]
[-82.86586148555105, -53.84544182808547]
[16.285693832682416, 54.38853626708498]
[-83.53896534634777, 54.498807373933616]
[-82.51688068361842, -54.3583562519358]
[16.285693832682416, 54.38853626708498]
[-83.53896534634777, 54.498807373933616]
[-82.51688068361842, -54.3583562519358]
[16.52607017264102, 55.023939401051706]
[-83.27887820418513, 54.787253123076916]
[-82.91377727113407, -53.85002315033299]
[16.52607017264102, 55.023939401051706]
[-83.27887820418513, 54.787253123076916]
[-82.91377727113407, -53.85002315033299]
[15.637069053286432, 54.15484881468062]
[-83.67731986943791, 54.7550812245763]
[-82.78337959285847, -54.472156397208934]
[15.637069053286432, 54.15484881468062]
[-83.67731986943791, 54.7550812245763]
[-82.78337959285847, -54.472156397208934]
[15.980195282773304, 54.43429723124997]
[-83.13467319734053, 54.51636495787479]
[-82.52726878673268, -53.40443935326918]
[15.980195282773304, 54.43429723124997]
[-83.13467319734053, 54.51636495787479]
[-82.52726878673268, -53.40443935326918]
[15.767105462447331, 54.32188221349816]
[-83.10081847903986, 54.940680515384656]
[-82.83959847297346, -53.99305638420022]
[15.767105462447331, 54.32188221349816]
[-83.10081847903986, 54.940680515384656]
[-82.83959847297346, -53.99305638420022]
[15.826186997085273, 54.23169956117984]
[-83.43932602498855, 54.44911946794995]
[-82.71730389410372, -54.24459907962258]
[15.826186997085273, 54.23169956117984]
[-83.43932602498855, 54.44911946794995]
[-82.71730389410372, -54.24459907962258]
[15.362553803394839, 53.642844934127]
[-83.33947903223746, 54.67477041890119]
[-83.26230931779226, -54.321666368071206]
[15.362553803394839, 53.642844934127]
[-83.33947903223746, 54.67477041890119]
[-83.26230931779226, -54.321666368071206]
[15.30389937724522, 53.96644767724668]
[-83.70080733618785, 54.771510376431934]
[-82.82731628398457, -54.37375420356116]
[15.30389937724522, 53.96644767724668]
[-83.70080733618785, 54.771510376431934]
[-82.82731628398457, -54.37375420356116]
[15.978786118917075, 54.2685551729367]
[-83.41798076196078, 54.655798083707886]
[-82.88318667698253, -53.845782662019246]
[15.978786118917075, 54.2685551729367]
[-83.41798076196078, 54.655798083707886]
[-82.88318667698253, -53.845782662019246]
[15.557752969463433, 54.14657814396965]
[-83.7486721891682, 54.692911784149736]
[-83.1406522548787, -54.396790660795475]
[15.557752969463433, 54.14657814396965]
[-83.7486721891682, 54.692911784149736]
[-83.1406522548787, -54.396790660795475]
[16.21210019067818, 54.6006389685255]
[-83.51446249639552, 54.19299838322404]
[15.734770149863992, 54.32323635063418]
[-83.40008710929186, 54.980515314124325]
[-83.39915180117596, -54.10889318748824]
[15.734770149863992, 54.32323635063418]
[-83.40008710929186, 54.980515314124325]
[-83.39915180117596, -54.10889318748824]
[15.850765375718673, 54.60459231609851]
[-83.78345606161068, 55.38442832299519]
[-83.19229638174879, -54.23480918866849]
[15.850765375718673, 54.60459231609851]
[-83.78345606161068, 55.38442832299519]
[-83.19229638174879, -54.23480918866849]
[15.310864395146378, 54.05011226483091]
[-83.6961513358122, 54.456618002697695]
[-82.94188422712496, -53.93976564240385]
[15.310864395146378, 54.05011226483091]
[-83.6961513358122, 54.456618002697695]
[-82.94188422712496, -53.93976564240385]
[15.743427932071583, 54.437429015834965]
[-84.18196725566398, 54.82954456553026]
[-82.6931320955893, -54.242014030513374]
[15.743427932071583, 54.437429015834965]
[-84.18196725566398, 54.82954456553026]
[-82.6931320955893, -54.242014030513374]
[15.626868500894995, 54.18537830291901]
[-83.43441510543845, 54.65114200434776]
[-82.97437191460199, -54.874110081844655]
[15.626868500894995, 54.18537830291901]
[-83.43441510543845, 54.65114200434776]
[-82.97437191460199, -54.874110081844655]
[16.484068590225124, 54.443527116018934]
[-83.32938438595478, 55.13366385762718]
[-82.752802864666, -54.73702711345598]
[16.484068590225124, 54.443527116018934]
[-83.32938438595478, 55.13366385762718]
[-82.752802864666, -54.73702711345598]
[-0.5760831373714417, -171.9395204746609]
[-0.5405721458621003, 57.08245233684599]
[-0.4559328878296682, -172.69310547065396]
[-0.6176230631549137, 60.094080696819844]
[-25.214194731016118, -170.62371201342856]
[-0.4559328878296682, -172.69310547065396]
[-0.6176230631549137, 60.094080696819844]
[-25.214194731016118, -170.62371201342856]
[-0.24638338679410635, -169.69611863832702]
[-0.2511725218182613, 56.572150474239905]
[-25.14241757998209, -164.3090112748484]
[-0.24638338679410635, -169.69611863832702]
[-0.2511725218182613, 56.572150474239905]
[-25.14241757998209, -164.3090112748484]
[-0.7259424745410563, -172.28485197165182]
[-0.5266417135347908, 58.41552864244351]
[-25.157247176713476, -167.17538855952566]
[-0.7259424745410563, -172.28485197165182]
[-0.5266417135347908, 58.41552864244351]
[-25.157247176713476, -167.17538855952566]
[-0.4245172404220527, -171.5875612405986]
[-0.4015913340998065, 59.49966626363348]
[-25.109609379817503, -167.0803422421766]
[-0.4245172404220527, -171.5875612405986]
[-0.4015913340998065, 59.49966626363348]
[-25.109609379817503, -167.0803422421766]
[-0.43026227222614943, -168.75323390584285]
[-0.5551401857414845, 60.679834467779926]
[-25.280105698471086, -169.77573252109374]
[-0.43026227222614943, -168.75323390584285]
[-0.5551401857414845, 60.679834467779926]
[-25.280105698471086, -169.77573252109374]
[-0.37976223066682485, -170.31711252755463]
[-0.5328997063558703, 60.06727312839599]
[-25.08654662708202, -165.94593437437084]
[-0.37976223066682485, -170.31711252755463]
[-0.5328997063558703, 60.06727312839599]
[-25.08654662708202, -165.94593437437084]
[-0.42012252662712474, -171.51943559724927]
[-0.3420527344245464, 58.77098813784746]
[-24.90571672451139, -171.43543769657572]
[-0.42012252662712474, -171.51943559724927]
[-0.3420527344245464, 58.77098813784746]
[-24.90571672451139, -171.43543769657572]
[-0.30861534017249087, -171.7251953644703]
[-0.42641643508828164, 61.83260254367605]
[-25.049277751515216, -168.3402563691276]
[-0.30861534017249087, -171.7251953644703]
[-0.42641643508828164, 61.83260254367605]
[-25.049277751515216, -168.3402563691276]
[-0.308435399675691, -171.29310111271715]
[-0.3547565407917228, 58.966865041720254]
[-25.373795424923696, -165.64615505625275]
[-0.308435399675691, -171.29310111271715]
[-0.3547565407917228, 58.966865041720254]
[-25.373795424923696, -165.64615505625275]
[-0.18174116386194983, -170.54688171781083]
[-0.5082552729362685, 59.607874014589775]
[-25.073659442867783, -165.76663915584504]
[-0.18174116386194983, -170.54688171781083]
[-0.5082552729362685, 59.607874014589775]
[-25.073659442867783, -165.76663915584504]
[-0.5593909031760078, -171.76144913197714]
[-0.8642040262679253, 60.914323070261]
[-25.124768792036257, -165.39095289853537]
[-0.5593909031760078, -171.76144913197714]
[-0.8642040262679253, 60.914323070261]
[-25.124768792036257, -165.39095289853537]
[-0.2551851821216634, -170.4239420572242]
[-0.6664424101398669, 58.13050187200731]
[-25.068256007589564, -163.85876627616477]
[-0.2551851821216634, -170.4239420572242]
[-0.6664424101398669, 58.13050187200731]
[-25.068256007589564, -163.85876627616477]
[-0.38013916267325676, -170.0831112055111]
[-0.48761872239711235, 62.1304582065128]
[-25.22444225487876, -169.22736977147937]
[-0.38013916267325676, -170.0831112055111]
[-0.48761872239711235, 62.1304582065128]
[-25.22444225487876, -169.22736977147937]
[-0.5112131474495306, -170.72137250705472]
[-0.45423168472188163, 59.7878291284485]
[-25.042671110160228, -169.44062307224576]
[-0.5112131474495306, -170.72137250705472]
[-0.45423168472188163, 59.7878291284485]
[-25.042671110160228, -169.44062307224576]
[-0.4192616752935724, -169.89960994207965]
[-0.5311711499403307, 61.27805664885521]
[-25.039151069070247, -165.72518617495305]
[-0.4192616752935724, -169.89960994207965]
[-0.5311711499403307, 61.27805664885521]
[-25.039151069070247, -165.72518617495305]
[-0.24333686941599572, -168.92201698871648]
[-0.5047287690277249, 58.57809050266595]
[-25.218612077028304, -164.1384085959188]
[-0.24333686941599572, -168.92201698871648]
[-0.5047287690277249, 58.57809050266595]
[-25.218612077028304, -164.1384085959188]
[-0.6320878078887505, -171.24549577391795]
[-0.5138195981138565, 59.047644581726324]
[-25.084567778762388, -165.53625476058386]
[-0.6320878078887505, -171.24549577391795]
[-0.5138195981138565, 59.047644581726324]
[-25.084567778762388, -165.53625476058386]
[-0.49411057900174604, -170.9901781369542]
[-0.2669561772934621, 59.35629751492765]
[-25.069940256009247, -165.9269246951714]
[-0.49411057900174604, -170.9901781369542]
[-0.2669561772934621, 59.35629751492765]
[-25.069940256009247, -165.9269246951714]
[-0.534832395251414, -171.63933562842928]
[-0.5550852870923366, 62.09446406718226]
[-25.27847232676292, -170.17399702456788]
[-0.534832395251414, -171.63933562842928]
[-0.5550852870923366, 62.09446406718226]
[-25.27847232676292, -170.17399702456788]
[-0.4350487034029876, -170.0751820351727]
[-0.4764918765908833, 59.50825891416851]
[-25.22654865417164, -169.91367122404432]
[-0.4350487034029876, -170.0751820351727]
[-0.4764918765908833, 59.50825891416851]
[-25.22654865417164, -169.91367122404432]
[-0.4464154573951539, -170.90072870261898]
[-0.33140707572679456, 59.017841889938076]
[-25.1603322388188, -167.84549647843411]
[-0.4464154573951539, -170.90072870261898]
[-0.33140707572679456, 59.017841889938076]
[-25.1603322388188, -167.84549647843411]
[-0.8398725285406624, -172.81851590069186]
[-0.6278434258268507, 59.57393048400155]
[-25.02706900833526, -167.13515797511997]
[-0.8398725285406624, -172.81851590069186]
[-0.6278434258268507, 59.57393048400155]
[-25.02706900833526, -167.13515797511997]
[14.812971056674405, 53.65415503750001]
[-83.09214717345147, 54.71552972925234]
[-82.66488562245421, -53.829903785019084]
[14.812971056674405, 53.65415503750001]
[-83.09214717345147, 54.71552972925234]
[-82.66488562245421, -53.829903785019084]
[15.806128779700087, 54.4626022616859]
[-83.38247354913716, 54.98239704885718]
[-82.51327965063624, -53.56559903797344]
[15.806128779700087, 54.4626022616859]
[-83.38247354913716, 54.98239704885718]
[-82.51327965063624, -53.56559903797344]
[15.674364873207551, 54.05328925189037]
[-83.80250151320006, 54.407382171770315]
[-82.20671389929501, -53.674498219579746]
[15.674364873207551, 54.05328925189037]
[-83.80250151320006, 54.407382171770315]
[-82.20671389929501, -53.674498219579746]
[15.882233368699536, 54.00117486895241]
[-83.36902917155201, 54.58061588556801]
[-82.69978074999212, -53.79944703274851]
[15.882233368699536, 54.00117486895241]
[-83.36902917155201, 54.58061588556801]
[-82.69978074999212, -53.79944703274851]
[15.752625643724633, 54.44842843666985]
[-83.34377067578603, 54.658945284220586]
[-82.76891161373185, -54.32477809055711]
[15.752625643724633, 54.44842843666985]
[-83.34377067578603, 54.658945284220586]
[-82.76891161373185, -54.32477809055711]
[15.633256141109882, 54.59027035086376]
[-83.56381130871924, 54.81979776009708]
[-82.8116310160389, -54.09998713423006]
[15.633256141109882, 54.59027035086376]
[-83.56381130871924, 54.81979776009708]
[-82.8116310160389, -54.09998713423006]
[16.236359208341444, 54.5014446023607]
[-83.27300315000386, 55.11750764490381]
[-83.27682553842244, -54.050587334823966]
[16.236359208341444, 54.5014446023607]
[-83.27300315000386, 55.11750764490381]
[-83.27682553842244, -54.050587334823966]
[15.630957090067419, 54.25738509135806]
[-82.7560314907371, 55.06139663161901]
[-82.65369798552237, -53.69495641719204]
[15.630957090067419, 54.25738509135806]
[-82.7560314907371, 55.06139663161901]
[-82.65369798552237, -53.69495641719204]
[15.463409503059692, 54.12298688909775]
[-82.80628912341943, 54.774883929791194]
[-83.04846547848057, -54.34919139932166]
[15.463409503059692, 54.12298688909775]
[-82.80628912341943, 54.774883929791194]
[-83.04846547848057, -54.34919139932166]
[15.842735018832926, 54.473357036456456]
[-83.66011708627939, 54.61696583498565]
[-82.61972867584753, -53.526842747214054]
[15.842735018832926, 54.473357036456456]
[-83.66011708627939, 54.61696583498565]
[-82.61972867584753, -53.526842747214054]
[16.08422620223022, 54.333736169399536]
[-83.46481999509272, 55.08766201347995]
[-83.19454744975546, -54.371558373364934]
[16.08422620223022, 54.333736169399536]
[-83.46481999509272, 55.08766201347995]
[-83.19454744975546, -54.371558373364934]
[15.964393289544722, 54.33696478990388]
[-83.75349367095356, 54.41050246575211]
[-82.38933303214822, -54.12821584501427]
[15.964393289544722, 54.33696478990388]
[-83.75349367095356, 54.41050246575211]
[-82.38933303214822, -54.12821584501427]
[15.964393289544722, 54.33696478990388]
[-83.75349367095356, 54.41050246575211]
[-82.38933303214822, -54.12821584501427]
[16.112014495273595, 54.4924917860735]
[-83.49668049770324, 55.27465185934275]
[-82.71797412705227, -54.03285409429115]
[16.112014495273595, 54.4924917860735]
[-83.49668049770324, 55.27465185934275]
[-82.71797412705227, -54.03285409429115]
[16.112014495273595, 54.4924917860735]
[-83.49668049770324, 55.27465185934275]
[-82.71797412705227, -54.03285409429115]
[16.308321921891142, 55.047767064373325]
[-83.6545696569932, 54.548270513843185]
[-83.31581669640327, -53.926352135700775]
[16.308321921891142, 55.047767064373325]
[-83.6545696569932, 54.548270513843185]
[-83.31581669640327, -53.926352135700775]
[16.308321921891142, 55.047767064373325]
[-83.6545696569932, 54.548270513843185]
[-83.31581669640327, -53.926352135700775]
[15.523447802902092, 54.21440192402665]
[-83.21925890180493, 54.99638322823641]
[-82.42934603938897, -53.93394756876819]
[15.523447802902092, 54.21440192402665]
[-83.21925890180493, 54.99638322823641]
[-82.42934603938897, -53.93394756876819]
[15.523447802902092, 54.21440192402665]
[-83.21925890180493, 54.99638322823641]
[-82.42934603938897, -53.93394756876819]
[0.04585671880723096, -167.63723999216924]
[-0.2339862744697526, 57.83080295621526]
[-25.272891452332082, -168.0035040707174]
[0.04585671880723096, -167.63723999216924]
[-0.2339862744697526, 57.83080295621526]
[-25.272891452332082, -168.0035040707174]
[0.04585671880723096, -167.63723999216924]
[-0.2339862744697526, 57.83080295621526]
[-25.272891452332082, -168.0035040707174]
[15.929455043944836, 54.39431697961079]
[-83.16910607939207, 54.79164640776695]
[-82.76503043554455, -53.722683704610965]
[15.929455043944836, 54.39431697961079]
[-83.16910607939207, 54.79164640776695]
[-82.76503043554455, -53.722683704610965]
[15.929455043944836, 54.39431697961079]
[-83.16910607939207, 54.79164640776695]
[-82.76503043554455, -53.722683704610965]
[-0.5283643967741277, -172.43501227749047]
[-0.511958829457392, 57.65422888695875]
[-25.37040461339889, -172.60547419699367]
[-0.5283643967741277, -172.43501227749047]
[-0.511958829457392, 57.65422888695875]
[-25.37040461339889, -172.60547419699367]
[-0.5283643967741277, -172.43501227749047]
[-0.511958829457392, 57.65422888695875]
[-25.37040461339889, -172.60547419699367]
[-0.5911032425528792, -171.23739659292704]
[-0.4442158713377234, 61.85848085402316]
[-25.156950587256457, -168.4842482702104]
[-0.5911032425528792, -171.23739659292704]
[-0.4442158713377234, 61.85848085402316]
[-25.156950587256457, -168.4842482702104]
[-0.5911032425528792, -171.23739659292704]
[-0.4442158713377234, 61.85848085402316]
[-25.156950587256457, -168.4842482702104]
[-0.5911032425528792, -171.23739659292704]
[-0.4442158713377234, 61.85848085402316]
[-25.156950587256457, -168.4842482702104]
[-0.5911032425528792, -171.23739659292704]
[-0.4442158713377234, 61.85848085402316]
[-25.156950587256457, -168.4842482702104]
[-0.43790149529598865, -169.3709550070646]
[-0.7671422692992481, 61.790481610138585]
[-24.95444731658311, -166.2664962776282]
[-0.43790149529598865, -169.3709550070646]
[-0.7671422692992481, 61.790481610138585]
[-24.95444731658311, -166.2664962776282]
[-0.43790149529598865, -169.3709550070646]
[-0.7671422692992481, 61.790481610138585]
[-24.95444731658311, -166.2664962776282]
[-0.43790149529598865, -169.3709550070646]
[-0.7671422692992481, 61.790481610138585]
[-24.95444731658311, -166.2664962776282]
[-0.43790149529598865, -169.3709550070646]
[-0.7671422692992481, 61.790481610138585]
[-24.95444731658311, -166.2664962776282]
[-0.4420650634976042, -169.87497693967458]
[-0.7408398642479126, 60.48164274932573]
[-25.107904135516176, -168.95651861546025]
[-0.4420650634976042, -169.87497693967458]
[-0.7408398642479126, 60.48164274932573]
[-25.107904135516176, -168.95651861546025]
[-0.4420650634976042, -169.87497693967458]
[-0.7408398642479126, 60.48164274932573]
[-25.107904135516176, -168.95651861546025]
[-0.4420650634976042, -169.87497693967458]
[-0.7408398642479126, 60.48164274932573]
[-25.107904135516176, -168.95651861546025]
[-0.4420650634976042, -169.87497693967458]
[-0.7408398642479126, 60.48164274932573]
[-25.107904135516176, -168.95651861546025]
[-0.4420650634976042, -169.87497693967458]
[-0.7408398642479126, 60.48164274932573]
[-25.107904135516176, -168.95651861546025]
[16.178425116659245, 54.54302362041744]
[-83.32600223696316, 55.01087413711238]
[-82.57463656525799, -54.75730249547247]
[16.178425116659245, 54.54302362041744]
[-83.32600223696316, 55.01087413711238]
[-82.57463656525799, -54.75730249547247]
[16.178425116659245, 54.54302362041744]
[-83.32600223696316, 55.01087413711238]
[-82.57463656525799, -54.75730249547247]
[16.178425116659245, 54.54302362041744]
[-83.32600223696316, 55.01087413711238]
[-82.57463656525799, -54.75730249547247]
[16.178425116659245, 54.54302362041744]
[-83.32600223696316, 55.01087413711238]
[-82.57463656525799, -54.75730249547247]
[16.178425116659245, 54.54302362041744]
[-83.32600223696316, 55.01087413711238]
[-82.57463656525799, -54.75730249547247]
[16.33025640720918, 54.268288101461984]
[-83.47931978502962, 54.530863450046326]
[-83.1961620233798, -54.01758870775116]
[16.33025640720918, 54.268288101461984]
[-83.47931978502962, 54.530863450046326]
[-83.1961620233798, -54.01758870775116]
[16.33025640720918, 54.268288101461984]
[-83.47931978502962, 54.530863450046326]
[-83.1961620233798, -54.01758870775116]
[16.33025640720918, 54.268288101461984]
[-83.47931978502962, 54.530863450046326]
[-83.1961620233798, -54.01758870775116]
[16.33025640720918, 54.268288101461984]
[-83.47931978502962, 54.530863450046326]
[-83.1961620233798, -54.01758870775116]
[16.33025640720918, 54.268288101461984]
[-83.47931978502962, 54.530863450046326]
[-83.1961620233798, -54.01758870775116]
[16.001001085769765, 54.34939232593605]
[-83.1086736079931, 55.18078449873538]
[-82.90147716722517, -54.07318213787735]
[16.001001085769765, 54.34939232593605]
[-83.1086736079931, 55.18078449873538]
[-82.90147716722517, -54.07318213787735]
[16.001001085769765, 54.34939232593605]
[-83.1086736079931, 55.18078449873538]
[-82.90147716722517, -54.07318213787735]
[16.001001085769765, 54.34939232593605]
[-83.1086736079931, 55.18078449873538]
[-82.90147716722517, -54.07318213787735]
[16.001001085769765, 54.34939232593605]
[-83.1086736079931, 55.18078449873538]
[-82.90147716722517, -54.07318213787735]
[16.001001085769765, 54.34939232593605]
[-83.1086736079931, 55.18078449873538]
[-82.90147716722517, -54.07318213787735]
[16.110587584892695, 54.45729062105268]
[-83.47550419939189, 54.755079492036145]
[-82.9580073173504, -54.53464416987241]
[16.110587584892695, 54.45729062105268]
[-83.47550419939189, 54.755079492036145]
[-82.9580073173504, -54.53464416987241]
[16.110587584892695, 54.45729062105268]
[-83.47550419939189, 54.755079492036145]
[-82.9580073173504, -54.53464416987241]
[16.110587584892695, 54.45729062105268]
[-83.47550419939189, 54.755079492036145]
[-82.9580073173504, -54.53464416987241]
[16.110587584892695, 54.45729062105268]
[-83.47550419939189, 54.755079492036145]
[-82.9580073173504, -54.53464416987241]
[16.110587584892695, 54.45729062105268]
[-83.47550419939189, 54.755079492036145]
[-82.9580073173504, -54.53464416987241]
[16.79813847910864, 55.06300280147496]
[-83.18096356112663, 54.72294327345053]
[-83.2454508489466, -53.818219259505724]
[16.79813847910864, 55.06300280147496]
[-83.18096356112663, 54.72294327345053]
[-83.2454508489466, -53.818219259505724]
[16.79813847910864, 55.06300280147496]
[-83.18096356112663, 54.72294327345053]
[-83.2454508489466, -53.818219259505724]
[16.79813847910864, 55.06300280147496]
[-83.18096356112663, 54.72294327345053]
[-83.2454508489466, -53.818219259505724]
[16.79813847910864, 55.06300280147496]
[-83.18096356112663, 54.72294327345053]
[-83.2454508489466, -53.818219259505724]
[16.79813847910864, 55.06300280147496]
[-83.18096356112663, 54.72294327345053]
[-83.2454508489466, -53.818219259505724]
[15.844253823295388, 54.2600010371535]
[-83.48572699100875, 54.18458596282928]
[-82.42361725547659, -53.87595753058489]
[15.844253823295388, 54.2600010371535]
[-83.48572699100875, 54.18458596282928]
[-82.42361725547659, -53.87595753058489]
[15.844253823295388, 54.2600010371535]
[-83.48572699100875, 54.18458596282928]
[-82.42361725547659, -53.87595753058489]
[15.844253823295388, 54.2600010371535]
[-83.48572699100875, 54.18458596282928]
[-82.42361725547659, -53.87595753058489]
[15.844253823295388, 54.2600010371535]
[-83.48572699100875, 54.18458596282928]
[-82.42361725547659, -53.87595753058489]
[15.844253823295388, 54.2600010371535]
[-83.48572699100875, 54.18458596282928]
[-82.42361725547659, -53.87595753058489]
[15.508365974065034, 53.94445039620859]
[-83.76699123635116, 55.280947465824006]
[-82.78938008459593, -53.97225380389476]
[15.508365974065034, 53.94445039620859]
[-83.76699123635116, 55.280947465824006]
[-82.78938008459593, -53.97225380389476]
[15.508365974065034, 53.94445039620859]
[-83.76699123635116, 55.280947465824006]
[-82.78938008459593, -53.97225380389476]
[15.508365974065034, 53.94445039620859]
[-83.76699123635116, 55.280947465824006]
[-82.78938008459593, -53.97225380389476]
[15.508365974065034, 53.94445039620859]
[-83.76699123635116, 55.280947465824006]
[-82.78938008459593, -53.97225380389476]
[16.254392789224724, 54.79252595957653]
[-83.32413519149767, 55.29327003946646]
[-82.70489386133008, -54.09553356425785]
[16.254392789224724, 54.79252595957653]
[-83.32413519149767, 55.29327003946646]
[-82.70489386133008, -54.09553356425785]
[16.254392789224724, 54.79252595957653]
[-83.32413519149767, 55.29327003946646]
[-82.70489386133008, -54.09553356425785]
[16.254392789224724, 54.79252595957653]
[-83.32413519149767, 55.29327003946646]
[-82.70489386133008, -54.09553356425785]
[16.254392789224724, 54.79252595957653]
[-83.32413519149767, 55.29327003946646]
[-82.70489386133008, -54.09553356425785]
[16.49316410239138, 54.91659934224142]
[-83.28021335002536, 55.2948723783834]
[-82.40570795662383, -53.25125872533596]
[16.49316410239138, 54.91659934224142]
[-83.28021335002536, 55.2948723783834]
[-82.40570795662383, -53.25125872533596]
[16.49316410239138, 54.91659934224142]
[-83.28021335002536, 55.2948723783834]
[-82.40570795662383, -53.25125872533596]
[16.49316410239138, 54.91659934224142]
[-83.28021335002536, 55.2948723783834]
[-82.40570795662383, -53.25125872533596]
[16.49316410239138, 54.91659934224142]
[-83.28021335002536, 55.2948723783834]
[-82.40570795662383, -53.25125872533596]
[16.0473970921278, 54.60961296568054]
[-83.25704000163489, 55.51157602745282]
[-83.08737684189755, -54.1508036157063]
[16.0473970921278, 54.60961296568054]
[-83.25704000163489, 55.51157602745282]
[-83.08737684189755, -54.1508036157063]
[16.0473970921278, 54.60961296568054]
[-83.25704000163489, 55.51157602745282]
[-83.08737684189755, -54.1508036157063]
[16.0473970921278, 54.60961296568054]
[-83.25704000163489, 55.51157602745282]
[-83.08737684189755, -54.1508036157063]
[16.0473970921278, 54.60961296568054]
[-83.25704000163489, 55.51157602745282]
[-83.08737684189755, -54.1508036157063]
[15.072797684199033, 53.58680381570329]
[-83.08443724320624, 55.252971133520035]
[-82.70867094035738, -54.78765763688767]
[15.072797684199033, 53.58680381570329]
[-83.08443724320624, 55.252971133520035]
[-82.70867094035738, -54.78765763688767]
[15.072797684199033, 53.58680381570329]
[-83.08443724320624, 55.252971133520035]
[-82.70867094035738, -54.78765763688767]
[15.072797684199033, 53.58680381570329]
[-83.08443724320624, 55.252971133520035]
[-82.70867094035738, -54.78765763688767]
[15.072797684199033, 53.58680381570329]
[-83.08443724320624, 55.252971133520035]
[-82.70867094035738, -54.78765763688767]
[15.793853168912172, 54.15144797881049]
[-83.08185848575191, 55.64510581079537]
[-83.06171399171902, -53.87655672298622]
[15.793853168912172, 54.15144797881049]
[-83.08185848575191, 55.64510581079537]
[-83.06171399171902, -53.87655672298622]
[15.793853168912172, 54.15144797881049]
[-83.08185848575191, 55.64510581079537]
[-83.06171399171902, -53.87655672298622]
[15.793853168912172, 54.15144797881049]
[-83.08185848575191, 55.64510581079537]
[-83.06171399171902, -53.87655672298622]
[15.793853168912172, 54.15144797881049]
[-83.08185848575191, 55.64510581079537]
[-83.06171399171902, -53.87655672298622]
[16.117422744259986, 54.74197025134356]
[-83.42597643714784, 54.9638399478465]
[-82.55843743229033, -53.768726169711556]
[16.117422744259986, 54.74197025134356]
[-83.42597643714784, 54.9638399478465]
[-82.55843743229033, -53.768726169711556]
[16.117422744259986, 54.74197025134356]
[15.963045782050623, 54.43236540792741]
[-83.2037885810453, 54.61139370150945]
[-82.37296469526552, -54.395462957046945]
[15.963045782050623, 54.43236540792741]
[-83.2037885810453, 54.61139370150945]
[-82.37296469526552, -54.395462957046945]
[15.963045782050623, 54.43236540792741]
[-83.2037885810453, 54.61139370150945]
[-82.37296469526552, -54.395462957046945]
[15.963045782050623, 54.43236540792741]
[-83.2037885810453, 54.61139370150945]
[-82.37296469526552, -54.395462957046945]
[15.963045782050623, 54.43236540792741]
[-83.2037885810453, 54.61139370150945]
[-82.37296469526552, -54.395462957046945]
[15.769134323769523, 54.67918554295235]
[-83.26337694181672, 54.877070973276666]
[-83.57471941375789, -54.82736707617667]
[15.769134323769523, 54.67918554295235]
[-83.26337694181672, 54.877070973276666]
[-83.57471941375789, -54.82736707617667]
[15.769134323769523, 54.67918554295235]
[-83.26337694181672, 54.877070973276666]
[-83.57471941375789, -54.82736707617667]
[15.769134323769523, 54.67918554295235]
[-83.26337694181672, 54.877070973276666]
[-83.57471941375789, -54.82736707617667]
[15.769134323769523, 54.67918554295235]
[-83.26337694181672, 54.877070973276666]
[-83.57471941375789, -54.82736707617667]
[15.925242898547848, 54.252724152626634]
[-82.78122347373943, 54.58159293132186]
[-83.90813276008683, -54.94832639499529]
[15.925242898547848, 54.252724152626634]
[-82.78122347373943, 54.58159293132186]
[-83.90813276008683, -54.94832639499529]
[15.925242898547848, 54.252724152626634]
[-82.78122347373943, 54.58159293132186]
[-83.90813276008683, -54.94832639499529]
[15.925242898547848, 54.252724152626634]
[-82.78122347373943, 54.58159293132186]
[-83.90813276008683, -54.94832639499529]
[15.925242898547848, 54.252724152626634]
[-82.78122347373943, 54.58159293132186]
[-83.90813276008683, -54.94832639499529]
[15.931966995364064, 54.59008244971489]
[-83.5248896960852, 55.048826690909095]
[-82.52084503764118, -54.491741551727436]
[15.931966995364064, 54.59008244971489]
[-83.5248896960852, 55.048826690909095]
[-82.52084503764118, -54.491741551727436]
[15.931966995364064, 54.59008244971489]
[-83.5248896960852, 55.048826690909095]
[-82.52084503764118, -54.491741551727436]
[15.931966995364064, 54.59008244971489]
[-83.5248896960852, 55.048826690909095]
[-82.52084503764118, -54.491741551727436]
[15.931966995364064, 54.59008244971489]
[-83.5248896960852, 55.048826690909095]
[-82.52084503764118, -54.491741551727436]
[16.00269566610245, 54.19169263285856]
[-83.55126841895823, 54.93463842740527]
[-82.57637328912924, -53.32261807546814]
[16.00269566610245, 54.19169263285856]
[-83.55126841895823, 54.93463842740527]
[-82.57637328912924, -53.32261807546814]
[16.00269566610245, 54.19169263285856]
[-83.55126841895823, 54.93463842740527]
[-82.57637328912924, -53.32261807546814]
[16.00269566610245, 54.19169263285856]
[-83.55126841895823, 54.93463842740527]
[-82.57637328912924, -53.32261807546814]
[16.00269566610245, 54.19169263285856]
[-83.55126841895823, 54.93463842740527]
[-82.57637328912924, -53.32261807546814]
[16.562903110067854, 54.82692740844401]
[-83.85681369374662, 55.265096569097885]
[-82.7877659341195, -53.20050083975334]
[16.562903110067854, 54.82692740844401]
[-83.85681369374662, 55.265096569097885]
[-82.7877659341195, -53.20050083975334]
[16.562903110067854, 54.82692740844401]
[-83.85681369374662, 55.265096569097885]
[-82.7877659341195, -53.20050083975334]
[16.562903110067854, 54.82692740844401]
[-83.85681369374662, 55.265096569097885]
[-82.7877659341195, -53.20050083975334]
[16.562903110067854, 54.82692740844401]
[-83.85681369374662, 55.265096569097885]
[-82.7877659341195, -53.20050083975334]
[16.061225717282145, 54.28854602146839]
[-83.35646743885542, 54.89237218210425]
[-82.23845278610413, -54.45504820350039]
[16.061225717282145, 54.28854602146839]
[-83.35646743885542, 54.89237218210425]
[-82.23845278610413, -54.45504820350039]
[16.061225717282145, 54.28854602146839]
[16.614958677207916, 54.89335517840154]
[-83.74269581186336, 54.86389856492251]
[-82.1967853817994, -54.963171136925915]
[16.614958677207916, 54.89335517840154]
[-83.74269581186336, 54.86389856492251]
[-82.1967853817994, -54.963171136925915]
[16.614958677207916, 54.89335517840154]
[-83.74269581186336, 54.86389856492251]
[-82.1967853817994, -54.963171136925915]
[16.614958677207916, 54.89335517840154]
[-83.74269581186336, 54.86389856492251]
[-82.1967853817994, -54.963171136925915]
[16.614958677207916, 54.89335517840154]
[-83.74269581186336, 54.86389856492251]
[-82.1967853817994, -54.963171136925915]
[16.614958677207916, 54.89335517840154]
[-83.74269581186336, 54.86389856492251]
[-82.1967853817994, -54.963171136925915]
[16.614958677207916, 54.89335517840154]
[-83.74269581186336, 54.86389856492251]
[-82.1967853817994, -54.963171136925915]
[16.424709634639495, 54.85543842403391]
[-83.63486174579624, 54.44033198780022]
[-83.35844747148101, -54.677929217366355]
[16.424709634639495, 54.85543842403391]
[-83.63486174579624, 54.44033198780022]
[-83.35844747148101, -54.677929217366355]
[16.424709634639495, 54.85543842403391]
[-83.63486174579624, 54.44033198780022]
[-83.35844747148101, -54.677929217366355]
[16.424709634639495, 54.85543842403391]
[-83.63486174579624, 54.44033198780022]
[-83.35844747148101, -54.677929217366355]
[16.424709634639495, 54.85543842403391]
[-83.63486174579624, 54.44033198780022]
[-83.35844747148101, -54.677929217366355]
[16.424709634639495, 54.85543842403391]
[-83.63486174579624, 54.44033198780022]
[-83.35844747148101, -54.677929217366355]
[16.424709634639495, 54.85543842403391]
[-83.63486174579624, 54.44033198780022]
[-83.35844747148101, -54.677929217366355]
[16.550386965820067, 54.77517516100878]
[-83.25601130079879, 54.829189764546356]
[-82.1664442666285, -54.77499705304751]
[16.550386965820067, 54.77517516100878]
[-83.25601130079879, 54.829189764546356]
[-82.1664442666285, -54.77499705304751]
[16.550386965820067, 54.77517516100878]
[-83.25601130079879, 54.829189764546356]
[-82.1664442666285, -54.77499705304751]
[16.550386965820067, 54.77517516100878]
[-83.25601130079879, 54.829189764546356]
[-82.1664442666285, -54.77499705304751]
[16.550386965820067, 54.77517516100878]
[-83.25601130079879, 54.829189764546356]
[-82.1664442666285, -54.77499705304751]
[16.550386965820067, 54.77517516100878]
[-83.25601130079879, 54.829189764546356]
[-82.1664442666285, -54.77499705304751]
[16.550386965820067, 54.77517516100878]
[-83.25601130079879, 54.829189764546356]
[-82.1664442666285, -54.77499705304751]
[15.436924214528181, 54.268707011888836]
[-83.50482775474318, 54.84956728387393]
[-83.08440502425289, -53.88532052373547]
[15.436924214528181, 54.268707011888836]
[-83.50482775474318, 54.84956728387393]
[-83.08440502425289, -53.88532052373547]
[15.436924214528181, 54.268707011888836]
[-83.50482775474318, 54.84956728387393]
[-83.08440502425289, -53.88532052373547]
[15.436924214528181, 54.268707011888836]
[-83.50482775474318, 54.84956728387393]
[-83.08440502425289, -53.88532052373547]
[15.436924214528181, 54.268707011888836]
[-83.50482775474318, 54.84956728387393]
[-83.08440502425289, -53.88532052373547]
[15.436924214528181, 54.268707011888836]
[-83.50482775474318, 54.84956728387393]
[-83.08440502425289, -53.88532052373547]
[15.436924214528181, 54.268707011888836]
[-83.50482775474318, 54.84956728387393]
[-83.08440502425289, -53.88532052373547]
[15.271461539885195, 53.90017614927955]
[-83.18103024388543, 54.127944262107235]
[-83.30251219686666, -54.25417580000003]
[15.271461539885195, 53.90017614927955]
[-83.18103024388543, 54.127944262107235]
[-83.30251219686666, -54.25417580000003]
[15.271461539885195, 53.90017614927955]
[-83.18103024388543, 54.127944262107235]
[-83.30251219686666, -54.25417580000003]
[15.271461539885195, 53.90017614927955]
[-83.18103024388543, 54.127944262107235]
[-83.30251219686666, -54.25417580000003]
[15.271461539885195, 53.90017614927955]
[-83.18103024388543, 54.127944262107235]
[-83.30251219686666, -54.25417580000003]
[15.271461539885195, 53.90017614927955]
[-83.18103024388543, 54.127944262107235]
[-83.30251219686666, -54.25417580000003]
[15.271461539885195, 53.90017614927955]
[-83.18103024388543, 54.127944262107235]
[-83.30251219686666, -54.25417580000003]
[16.397216568160587, 54.995913893768]
[-83.34153662817275, 54.95240176170013]
[-82.73489699914155, -53.73150950056605]
[16.397216568160587, 54.995913893768]
[-83.34153662817275, 54.95240176170013]
[-82.73489699914155, -53.73150950056605]
[16.397216568160587, 54.995913893768]
[-83.34153662817275, 54.95240176170013]
[-82.73489699914155, -53.73150950056605]
[16.397216568160587, 54.995913893768]
[-83.34153662817275, 54.95240176170013]
[-82.73489699914155, -53.73150950056605]
[16.397216568160587, 54.995913893768]
[-83.34153662817275, 54.95240176170013]
[-82.73489699914155, -53.73150950056605]
[16.397216568160587, 54.995913893768]
[-83.34153662817275, 54.95240176170013]
[-82.73489699914155, -53.73150950056605]
[16.397216568160587, 54.995913893768]
[-83.34153662817275, 54.95240176170013]
[-82.73489699914155, -53.73150950056605]
[16.530317729588972, 54.91745435261655]
[-83.46392395461478, 55.26426130028685]
[-82.72707786096113, -54.27720166438747]
[16.530317729588972, 54.91745435261655]
[-83.46392395461478, 55.26426130028685]
[-82.72707786096113, -54.27720166438747]
[16.530317729588972, 54.91745435261655]
[-83.46392395461478, 55.26426130028685]
[-82.72707786096113, -54.27720166438747]
[16.530317729588972, 54.91745435261655]
[-83.46392395461478, 55.26426130028685]
[-82.72707786096113, -54.27720166438747]
[16.530317729588972, 54.91745435261655]
[-83.46392395461478, 55.26426130028685]
[-82.72707786096113, -54.27720166438747]
[16.530317729588972, 54.91745435261655]
[-83.46392395461478, 55.26426130028685]
[-82.72707786096113, -54.27720166438747]
[16.530317729588972, 54.91745435261655]
[-83.46392395461478, 55.26426130028685]
[-82.72707786096113, -54.27720166438747]
[15.616249920378971, 54.2379825458733]
[-83.39054031971264, 54.72342841840378]
[-82.6088382876049, -54.40335536759343]
[15.616249920378971, 54.2379825458733]
[-83.39054031971264, 54.72342841840378]
[-82.6088382876049, -54.40335536759343]
[15.616249920378971, 54.2379825458733]
[-83.39054031971264, 54.72342841840378]
[-82.6088382876049, -54.40335536759343]
[15.616249920378971, 54.2379825458733]
[-83.39054031971264, 54.72342841840378]
[-82.6088382876049, -54.40335536759343]
[15.616249920378971, 54.2379825458733]
[-83.39054031971264, 54.72342841840378]
[-82.6088382876049, -54.40335536759343]
[15.616249920378971, 54.2379825458733]
[-83.39054031971264, 54.72342841840378]
[-82.6088382876049, -54.40335536759343]
[15.616249920378971, 54.2379825458733]
[-83.39054031971264, 54.72342841840378]
[-82.6088382876049, -54.40335536759343]
[-0.5068472873611785, -170.5671156734987]
[-0.7075761789781787, 59.925166012228686]
[-25.189424135480635, -167.63531816142952]
[-0.5068472873611785, -170.5671156734987]
[-0.7075761789781787, 59.925166012228686]
[-25.189424135480635, -167.63531816142952]
[-0.5068472873611785, -170.5671156734987]
[-0.7075761789781787, 59.925166012228686]
[-25.189424135480635, -167.63531816142952]
[-0.5068472873611785, -170.5671156734987]
[-0.7075761789781787, 59.925166012228686]
[-25.189424135480635, -167.63531816142952]
[-0.5068472873611785, -170.5671156734987]
[-0.7075761789781787, 59.925166012228686]
[-25.189424135480635, -167.63531816142952]
[-0.5068472873611785, -170.5671156734987]
[-0.7075761789781787, 59.925166012228686]
[-25.189424135480635, -167.63531816142952]
[-0.5068472873611785, -170.5671156734987]
[-0.7075761789781787, 59.925166012228686]
[-25.189424135480635, -167.63531816142952]
[-0.23879428179184262, -169.37478081124635]
[-0.2933024792237358, 58.956963828152396]
[-25.15560766806695, -172.2971902712704]
[-0.23879428179184262, -169.37478081124635]
[-0.2933024792237358, 58.956963828152396]
[-25.15560766806695, -172.2971902712704]
[-0.23879428179184262, -169.37478081124635]
[-0.2933024792237358, 58.956963828152396]
[-25.15560766806695, -172.2971902712704]
[-0.23879428179184262, -169.37478081124635]
[-0.2933024792237358, 58.956963828152396]
[-25.15560766806695, -172.2971902712704]
[-0.23879428179184262, -169.37478081124635]
[-0.2933024792237358, 58.956963828152396]
[-25.15560766806695, -172.2971902712704]
[-0.23879428179184262, -169.37478081124635]
[-0.2933024792237358, 58.956963828152396]
[-25.15560766806695, -172.2971902712704]
[-0.23879428179184262, -169.37478081124635]
[-0.2933024792237358, 58.956963828152396]
[-25.15560766806695, -172.2971902712704]
[-0.27770683218273273, -169.4450603021443]
[-0.5386473411244664, 59.74752483352206]
[-25.138937550672626, -167.7989509405479]
[-0.27770683218273273, -169.4450603021443]
[-0.5386473411244664, 59.74752483352206]
[-25.138937550672626, -167.7989509405479]
[-0.27770683218273273, -169.4450603021443]
[-0.5386473411244664, 59.74752483352206]
[-25.138937550672626, -167.7989509405479]
[-0.27770683218273273, -169.4450603021443]
[-0.5386473411244664, 59.74752483352206]
[-25.138937550672626, -167.7989509405479]
[-0.27770683218273273, -169.4450603021443]
[-0.5386473411244664, 59.74752483352206]
[-25.138937550672626, -167.7989509405479]
[-0.27770683218273273, -169.4450603021443]
[-0.5386473411244664, 59.74752483352206]
[-25.138937550672626, -167.7989509405479]
[-0.27770683218273273, -169.4450603021443]
[-0.5386473411244664, 59.74752483352206]
[-25.138937550672626, -167.7989509405479]
[-0.47917520244225104, -170.2339512536767]
[-0.7925067355705152, 61.10401201996775]
[-25.104887055580324, -168.8945672291817]
[-0.47917520244225104, -170.2339512536767]
[-0.7925067355705152, 61.10401201996775]
[-25.104887055580324, -168.8945672291817]
[-0.47917520244225104, -170.2339512536767]
[-0.7925067355705152, 61.10401201996775]
[-25.104887055580324, -168.8945672291817]
[-0.47917520244225104, -170.2339512536767]
[-0.7925067355705152, 61.10401201996775]
[-25.104887055580324, -168.8945672291817]
[-0.47917520244225104, -170.2339512536767]
[-0.7925067355705152, 61.10401201996775]
[-25.104887055580324, -168.8945672291817]
[-0.47917520244225104, -170.2339512536767]
[-0.7925067355705152, 61.10401201996775]
[-25.104887055580324, -168.8945672291817]
[-0.47917520244225104, -170.2339512536767]
[-0.7925067355705152, 61.10401201996775]
[-25.104887055580324, -168.8945672291817]
[-0.812941120986908, -172.83754660379762]
[-0.34659172092413826, 57.18777316998496]
[-25.28460026978526, -169.55406107529066]
[-0.812941120986908, -172.83754660379762]
[-0.34659172092413826, 57.18777316998496]
[-25.28460026978526, -169.55406107529066]
[-0.812941120986908, -172.83754660379762]
[-0.34659172092413826, 57.18777316998496]
[-25.28460026978526, -169.55406107529066]
[-0.812941120986908, -172.83754660379762]
[-0.34659172092413826, 57.18777316998496]
[-25.28460026978526, -169.55406107529066]
[-0.812941120986908, -172.83754660379762]
[-0.34659172092413826, 57.18777316998496]
[-25.28460026978526, -169.55406107529066]
[-0.812941120986908, -172.83754660379762]
[-0.34659172092413826, 57.18777316998496]
[-0.4378734703790933, -171.52990025676542]
[-0.40695225469262, 58.46366425572199]
[-25.143325574968614, -165.3979794391541]
[-0.4378734703790933, -171.52990025676542]
[-0.40695225469262, 58.46366425572199]
[-25.143325574968614, -165.3979794391541]
[-0.4378734703790933, -171.52990025676542]
[-0.40695225469262, 58.46366425572199]
[-25.143325574968614, -165.3979794391541]
[-0.4378734703790933, -171.52990025676542]
[-0.40695225469262, 58.46366425572199]
[-25.143325574968614, -165.3979794391541]
[-0.4378734703790933, -171.52990025676542]
[-0.40695225469262, 58.46366425572199]
[-25.143325574968614, -165.3979794391541]
[-0.8392501123980818, -173.41061221163955]
[-0.8683191671146149, 60.3854043479358]
[-25.10726817237022, -167.52033307303088]
[-0.8392501123980818, -173.41061221163955]
[-0.8683191671146149, 60.3854043479358]
[-25.10726817237022, -167.52033307303088]
[-0.8392501123980818, -173.41061221163955]
[-0.8683191671146149, 60.3854043479358]
[-25.10726817237022, -167.52033307303088]
[-0.8392501123980818, -173.41061221163955]
[-0.8683191671146149, 60.3854043479358]
[-25.10726817237022, -167.52033307303088]
[-0.8392501123980818, -173.41061221163955]
[-0.7716752412163651, -173.04212991274983]
[-0.5710832714280009, 61.82794040127678]
[-25.12421813810009, -167.074091645977]
[-0.7716752412163651, -173.04212991274983]
[-0.5710832714280009, 61.82794040127678]
[-25.12421813810009, -167.074091645977]
[-0.7716752412163651, -173.04212991274983]
[-0.5710832714280009, 61.82794040127678]
[-25.12421813810009, -167.074091645977]
[-0.7716752412163651, -173.04212991274983]
[-0.5710832714280009, 61.82794040127678]
[-25.12421813810009, -167.074091645977]
[-0.7716752412163651, -173.04212991274983]
[-0.5710832714280009, 61.82794040127678]
[-25.12421813810009, -167.074091645977]
[-0.7716752412163651, -173.04212991274983]
[-0.5710832714280009, 61.82794040127678]
[-25.12421813810009, -167.074091645977]
[-0.7716752412163651, -173.04212991274983]
[-0.5710832714280009, 61.82794040127678]
[-25.12421813810009, -167.074091645977]
[-0.26709689981029805, -170.56075278733402]
[-0.6162091119813574, 59.95236516269185]
[-25.19240311664504, -168.1012485315437]
[-0.26709689981029805, -170.56075278733402]
[-0.6162091119813574, 59.95236516269185]
[-25.19240311664504, -168.1012485315437]
[-0.26709689981029805, -170.56075278733402]
[-0.6162091119813574, 59.95236516269185]
[-25.19240311664504, -168.1012485315437]
[-0.26709689981029805, -170.56075278733402]
[-0.6162091119813574, 59.95236516269185]
[-25.19240311664504, -168.1012485315437]
[-0.26709689981029805, -170.56075278733402]
[-0.6162091119813574, 59.95236516269185]
[-25.19240311664504, -168.1012485315437]
[-0.32419675271449216, -170.72097873536225]
[-0.5630451870910897, 59.14805547510067]
[-25.15274497352736, -165.88063977317944]
[-0.32419675271449216, -170.72097873536225]
[-0.5630451870910897, 59.14805547510067]
[-25.15274497352736, -165.88063977317944]
[-0.32419675271449216, -170.72097873536225]
[-0.5630451870910897, 59.14805547510067]
[-25.15274497352736, -165.88063977317944]
[-0.32419675271449216, -170.72097873536225]
[-0.5630451870910897, 59.14805547510067]
[-25.15274497352736, -165.88063977317944]
[-0.32419675271449216, -170.72097873536225]
[-0.5630451870910897, 59.14805547510067]
[-25.15274497352736, -165.88063977317944]
[-0.4412900005796752, -171.05501515838736]
[-0.5757272884906469, 59.59091327211997]
[-25.082316220224836, -168.04029874500372]
[-0.4412900005796752, -171.05501515838736]
[-0.5757272884906469, 59.59091327211997]
[-25.082316220224836, -168.04029874500372]
[-0.4412900005796752, -171.05501515838736]
[-0.5757272884906469, 59.59091327211997]
[-25.082316220224836, -168.04029874500372]
[-0.4412900005796752, -171.05501515838736]
[-0.5757272884906469, 59.59091327211997]
[-25.082316220224836, -168.04029874500372]
[-0.4412900005796752, -171.05501515838736]
[-0.5757272884906469, 59.59091327211997]
[-25.082316220224836, -168.04029874500372]