
[18.88008966583333, 56.7947812125]
[-85.07445073157895, 51.86832818947369]
[-79.78836829615385, -59.315778973076924]
[18.88008966583333, 56.7947812125]
[-85.07445073157895, 51.86832818947369]
[-79.78836829615385, -59.315778973076924]
[18.88008966583333, 56.7947812125]
[-85.07445073157895, 51.86832818947369]
[-79.78836829615385, -59.315778973076924]
[16.288954266818184, 54.001002522727276]
[-87.35351197619049, 50.357295790476186]
[-84.9270295076923, -54.55153900384616]
[16.288954266818184, 54.001002522727276]
[-87.35351197619049, 50.357295790476186]
[-84.9270295076923, -54.55153900384616]
[16.288954266818184, 54.001002522727276]
[-87.35351197619049, 50.357295790476186]
[-84.9270295076923, -54.55153900384616]
[16.288954266818184, 54.001002522727276]
[15.862289935384613, 57.18348292692308]
[-85.28345558333334, 50.1670710611111]
[-82.86014844000002, -56.300678696]
[15.862289935384613, 57.18348292692308]
[-85.28345558333334, 50.1670710611111]
[-82.86014844000002, -56.300678696]
[15.862289935384613, 57.18348292692308]
[-85.28345558333334, 50.1670710611111]
[-82.86014844000002, -56.300678696]
[15.862289935384613, 57.18348292692308]
[14.090490640370367, 55.0497633111111]
[-83.311041925, 52.62787788125]
[-82.07807046538463, -57.3340718076923]
[14.090490640370367, 55.0497633111111]
[-83.311041925, 52.62787788125]
[-82.07807046538463, -57.3340718076923]
[14.090490640370367, 55.0497633111111]
[-83.311041925, 52.62787788125]
[-82.07807046538463, -57.3340718076923]
[14.090490640370367, 55.0497633111111]
[16.161752724347824, 58.0523975826087]
[-82.791059305, 58.62149146]
[-82.7733595346154, -56.78198395769231]
[16.161752724347824, 58.0523975826087]
[-82.791059305, 58.62149146]
[-82.7733595346154, -56.78198395769231]
[16.161752724347824, 58.0523975826087]
[-82.791059305, 58.62149146]
[-82.7733595346154, -56.78198395769231]
[16.161752724347824, 58.0523975826087]
[12.527213527199999, 54.864978632]
[-83.93898615, 58.922224325000016]
[-82.97680241666666, -55.84751285833334]
[12.527213527199999, 54.864978632]
[-83.93898615, 58.922224325000016]
[-82.97680241666666, -55.84751285833334]
[12.527213527199999, 54.864978632]
[-83.93898615, 58.922224325000016]
[-82.97680241666666, -55.84751285833334]
[12.527213527199999, 54.864978632]
[-83.93898615, 58.922224325000016]
[-82.97680241666666, -55.84751285833334]
[14.984698862068967, 56.44180808275861]
[-83.52872123125, 60.86967690000001]
[-83.5108692, -58.88902150416666]
[14.984698862068967, 56.44180808275861]
[-83.52872123125, 60.86967690000001]
[-83.5108692, -58.88902150416666]
[14.984698862068967, 56.44180808275861]
[-83.52872123125, 60.86967690000001]
[-83.5108692, -58.88902150416666]
[14.984698862068967, 56.44180808275861]
[-83.52872123125, 60.86967690000001]
[-83.5108692, -58.88902150416666]
[14.967718183333332, 56.609405091666666]
[-85.5556809764706, 51.6762075]
[-81.78050789285714, -57.34733448928572]
[14.967718183333332, 56.609405091666666]
[-85.5556809764706, 51.6762075]
[-81.78050789285714, -57.34733448928572]
[14.967718183333332, 56.609405091666666]
[-85.5556809764706, 51.6762075]
[-81.78050789285714, -57.34733448928572]
[14.967718183333332, 56.609405091666666]
[-85.5556809764706, 51.6762075]
[-81.78050789285714, -57.34733448928572]
[16.163596618518515, 57.47926563703703]
[-84.68229552105262, 52.80930201578948]
[-79.26483653043478, -62.92702806521741]
[16.163596618518515, 57.47926563703703]
[-84.68229552105262, 52.80930201578948]
[-79.26483653043478, -62.92702806521741]
[16.163596618518515, 57.47926563703703]
[-84.68229552105262, 52.80930201578948]
[-79.26483653043478, -62.92702806521741]
[16.163596618518515, 57.47926563703703]
[12.771020098636365, 54.81081853181817]
[-85.59465384, 52.95182606500001]
[-81.42687225185185, -57.966269774074085]
[12.771020098636365, 54.81081853181817]
[-85.59465384, 52.95182606500001]
[-81.42687225185185, -57.966269774074085]
[12.771020098636365, 54.81081853181817]
[-85.59465384, 52.95182606500001]
[-81.42687225185185, -57.966269774074085]
[12.771020098636365, 54.81081853181817]
[18.45803474846154, 56.67724441923076]
[-85.34288063529411, 53.65820041764706]
[-84.47410025384616, -58.34185579615384]
[18.45803474846154, 56.67724441923076]
[-85.34288063529411, 53.65820041764706]
[-84.47410025384616, -58.34185579615384]
[18.45803474846154, 56.67724441923076]
[-85.34288063529411, 53.65820041764706]
[-84.47410025384616, -58.34185579615384]
[18.45803474846154, 56.67724441923076]
[15.48677431590909, 58.12792259999999]
[-84.61145372000001, 52.540852699999995]
[-80.74668741481482, -58.494122100000006]
[15.48677431590909, 58.12792259999999]
[-84.61145372000001, 52.540852699999995]
[-80.74668741481482, -58.494122100000006]
[15.48677431590909, 58.12792259999999]
[-84.61145372000001, 52.540852699999995]
[-80.74668741481482, -58.494122100000006]
[15.48677431590909, 58.12792259999999]
[17.937078579166666, 56.38893037083333]
[-86.99622690500003, 50.559840140000006]
[-82.123838832, -56.875372424000005]
[17.937078579166666, 56.38893037083333]
[-86.99622690500003, 50.559840140000006]
[-82.123838832, -56.875372424000005]
[17.937078579166666, 56.38893037083333]
[-86.99622690500003, 50.559840140000006]
[-82.123838832, -56.875372424000005]
[17.937078579166666, 56.38893037083333]
[19.96973690956522, 57.5687158521739]
[-86.73053347142857, 51.70675192380951]
[-83.747967544, -55.278960424]
[19.96973690956522, 57.5687158521739]
[-86.73053347142857, 51.70675192380951]
[-83.747967544, -55.278960424]
[19.96973690956522, 57.5687158521739]
[-86.73053347142857, 51.70675192380951]
[-83.747967544, -55.278960424]
[19.96973690956522, 57.5687158521739]
[13.336276377619047, 55.987585014285706]
[-85.32287307619048, 53.03930630000001]
[-80.78019907407408, -58.41301431481482]
[13.336276377619047, 55.987585014285706]
[-85.32287307619048, 53.03930630000001]
[-80.78019907407408, -58.41301431481482]
[13.336276377619047, 55.987585014285706]
[-85.32287307619048, 53.03930630000001]
[-80.78019907407408, -58.41301431481482]
[13.336276377619047, 55.987585014285706]
[21.14720047391304, 59.60647271304348]
[-85.49837856818183, 52.6060777909091]
[-81.11464112083334, -61.32548327083333]
[21.14720047391304, 59.60647271304348]
[-85.49837856818183, 52.6060777909091]
[-81.11464112083334, -61.32548327083333]
[21.14720047391304, 59.60647271304348]
[-85.49837856818183, 52.6060777909091]
[-81.11464112083334, -61.32548327083333]
[21.14720047391304, 59.60647271304348]
[13.171278971153848, 55.07648433461539]
[-82.26491573, 53.75315413]
[-81.95112122173914, -56.55989836086958]
[13.171278971153848, 55.07648433461539]
[-82.26491573, 53.75315413]
[-81.95112122173914, -56.55989836086958]
[13.171278971153848, 55.07648433461539]
[-82.26491573, 53.75315413]
[-81.95112122173914, -56.55989836086958]
[13.171278971153848, 55.07648433461539]
[15.501063368800002, 57.455537799999995]
[-84.25641535500002, 53.20423249500001]
[-81.53482736666666, -57.40798887083333]
[15.501063368800002, 57.455537799999995]
[-84.25641535500002, 53.20423249500001]
[-81.53482736666666, -57.40798887083333]
[15.501063368800002, 57.455537799999995]
[-84.25641535500002, 53.20423249500001]
[-81.53482736666666, -57.40798887083333]
[13.1009014325, 55.07777195416667]
[-84.97843341176471, 56.26042964705883]
[-82.26775148571427, -59.85559714642858]
[13.1009014325, 55.07777195416667]
[-84.97843341176471, 56.26042964705883]
[-82.26775148571427, -59.85559714642858]
[13.1009014325, 55.07777195416667]
[-84.97843341176471, 56.26042964705883]
[-82.26775148571427, -59.85559714642858]
[17.3516646424, 55.48460032]
[-82.64514662380952, 54.85410840952382]
[-82.71402786521739, -56.53234354347825]
[17.3516646424, 55.48460032]
[-82.64514662380952, 54.85410840952382]
[-82.71402786521739, -56.53234354347825]
[17.3516646424, 55.48460032]
[-82.64514662380952, 54.85410840952382]
[-82.71402786521739, -56.53234354347825]
[0.0, 17.3516646424, 55.48460032]
[19.165974881111108, 57.18550793333333]
[-87.0939582125, 50.96014715000001]
[-80.12184198076922, -59.082665299999995]
[19.165974881111108, 57.18550793333333]
[-87.0939582125, 50.96014715000001]
[-80.12184198076922, -59.082665299999995]
[19.165974881111108, 57.18550793333333]
[-87.0939582125, 50.96014715000001]
[-80.12184198076922, -59.082665299999995]
[0.0, 19.165974881111108, 57.18550793333333]
[17.782115174999998, 56.57330830454544]
[-85.27752430952381, 51.96820636666668]
[-83.78770387692309, -55.432927449999994]
[17.782115174999998, 56.57330830454544]
[-85.27752430952381, 51.96820636666668]
[-83.78770387692309, -55.432927449999994]
[17.782115174999998, 56.57330830454544]
[-85.27752430952381, 51.96820636666668]
[-83.78770387692309, -55.432927449999994]
[0.0, 17.782115174999998, 56.57330830454544]
[16.07728245925926, 57.74138324074074]
[-85.49051976666667, 57.777362227777786]
[-80.61572958750001, -61.95181201249999]
[16.07728245925926, 57.74138324074074]
[-85.49051976666667, 57.777362227777786]
[-80.61572958750001, -61.95181201249999]
[16.07728245925926, 57.74138324074074]
[-85.49051976666667, 57.777362227777786]
[-80.61572958750001, -61.95181201249999]
[0.0, 16.07728245925926, 57.74138324074074]
[16.200249985599996, 54.85178876]
[-84.88414058888888, 57.48833621111112]
[-81.24463652692307, -58.150381846153856]
[16.200249985599996, 54.85178876]
[-84.88414058888888, 57.48833621111112]
[-81.24463652692307, -58.150381846153856]
[16.200249985599996, 54.85178876]
[-84.88414058888888, 57.48833621111112]
[-81.24463652692307, -58.150381846153856]
[0.0, 16.200249985599996, 54.85178876]
[16.826667205384616, 54.75357158076924]
[-83.27397827894737, 58.52521131578947]
[-81.96286892083333, -57.09088644583333]
[16.826667205384616, 54.75357158076924]
[-83.27397827894737, 58.52521131578947]
[-81.96286892083333, -57.09088644583333]
[16.826667205384616, 54.75357158076924]
[-83.27397827894737, 58.52521131578947]
[-81.96286892083333, -57.09088644583333]
[0.0, 16.826667205384616, 54.75357158076924]
[17.7242684788, 55.185410796]
[-87.04012683636365, 50.26968661818182]
[-84.70366488636364, -54.14463220454545]
[17.7242684788, 55.185410796]
[-87.04012683636365, 50.26968661818182]
[-84.70366488636364, -54.14463220454545]
[17.7242684788, 55.185410796]
[-87.04012683636365, 50.26968661818182]
[-84.70366488636364, -54.14463220454545]
[0.0, 17.7242684788, 55.185410796]
[15.2231124175, 56.313371614285735]
[-87.01225546, 55.011164373333344]
[-79.63566276923078, -62.98694953076922]
[15.2231124175, 56.313371614285735]
[-87.01225546, 55.011164373333344]
[-79.63566276923078, -62.98694953076922]
[15.2231124175, 56.313371614285735]
[-87.01225546, 55.011164373333344]
[-79.63566276923078, -62.98694953076922]
[0.0, 15.2231124175, 56.313371614285735]
[19.4669985912, 57.124529060000015]
[-84.77857652631579, 52.007987531578955]
[-82.14380377599998, -59.887822912000004]
[19.4669985912, 57.124529060000015]
[-84.77857652631579, 52.007987531578955]
[-82.14380377599998, -59.887822912000004]
[-84.77857652631579, 52.007987531578955]
[-82.14380377599998, -59.887822912000004]
[0.0, 19.4669985912, 57.124529060000015]
[13.624387242592594, 55.21161482222221]
[-83.0865901, 54.627057640909086]
[-80.284299745, -61.96936966499999]
[13.624387242592594, 55.21161482222221]
[-83.0865901, 54.627057640909086]
[-80.284299745, -61.96936966499999]
[13.624387242592594, 55.21161482222221]
[-83.0865901, 54.627057640909086]
[-80.284299745, -61.96936966499999]
[0.0, 13.624387242592594, 55.21161482222221]
[12.408954616190478, 55.392346609523806]
[-84.5490476631579, 50.770815657894744]
[-85.4288945172414, -54.380086024137924]
[12.408954616190478, 55.392346609523806]
[-84.5490476631579, 50.770815657894744]
[-85.4288945172414, -54.380086024137924]
[12.408954616190478, 55.392346609523806]
[-84.5490476631579, 50.770815657894744]
[-85.4288945172414, -54.380086024137924]
[0.0, 12.408954616190478, 55.392346609523806]
[1.0, -84.5490476631579, 50.770815657894744]
[2.0, -85.4288945172414, -54.380086024137924]
[15.949084657407408, 57.643736322222225]
[-84.855940085, 51.90547055]
[-83.97225348636364, -54.90908852272728]
[15.949084657407408, 57.643736322222225]
[-84.855940085, 51.90547055]
[-83.97225348636364, -54.90908852272728]
[15.949084657407408, 57.643736322222225]
[-84.855940085, 51.90547055]
[-83.97225348636364, -54.90908852272728]
[0.0, 15.949084657407408, 57.643736322222225]
[1.0, -84.855940085, 51.90547055]
[2.0, -83.97225348636364, -54.90908852272728]
[20.793946143913036, 58.103157539130436]
[-87.19129204705882, 49.212951664705884]
[-81.06427457931035, -58.35206061034483]
[20.793946143913036, 58.103157539130436]
[-87.19129204705882, 49.212951664705884]
[-81.06427457931035, -58.35206061034483]
[20.793946143913036, 58.103157539130436]
[-87.19129204705882, 49.212951664705884]
[-81.06427457931035, -58.35206061034483]
[0.0, 20.793946143913036, 58.103157539130436]
[15.236877616538465, 56.98421379230769]
[-84.55758847222224, 52.14671327777777]
[-82.15716812000001, -60.34446703999999]
[15.236877616538465, 56.98421379230769]
[-84.55758847222224, 52.14671327777777]
[-82.15716812000001, -60.34446703999999]
[9.552641289090912, 52.52266476363638]
[-85.87453567619048, 52.15071930000001]
[-84.29015861923078, -54.72694875769231]
[9.552641289090912, 52.52266476363638]
[-85.87453567619048, 52.15071930000001]
[-84.29015861923078, -54.72694875769231]
[9.552641289090912, 52.52266476363638]
[-85.87453567619048, 52.15071930000001]
[-84.29015861923078, -54.72694875769231]
[0.0, 9.552641289090912, 52.52266476363638]
[20.22380123285714, 58.576461207142856]
[-85.55919376250002, 52.446606149999994]
[-82.018575244, -60.341515808]
[20.22380123285714, 58.576461207142856]
[-85.55919376250002, 52.446606149999994]
[-82.018575244, -60.341515808]
[20.22380123285714, 58.576461207142856]
[-85.55919376250002, 52.446606149999994]
[-82.018575244, -60.341515808]
[0.0, 20.22380123285714, 58.576461207142856]
[13.58550197375, 55.30179964999999]
[-84.5673920888889, 50.92235354444444]
[-79.35002968148149, -60.0509018851852]
[13.58550197375, 55.30179964999999]
[-84.5673920888889, 50.92235354444444]
[-79.35002968148149, -60.0509018851852]
[13.58550197375, 55.30179964999999]
[-84.5673920888889, 50.92235354444444]
[-79.35002968148149, -60.0509018851852]
[0.0, 13.58550197375, 55.30179964999999]
[14.330615713199997, 56.008520088000004]
[-84.61301820499999, 58.64509166000001]
[-82.44789808750001, -56.67231925000001]
[14.330615713199997, 56.008520088000004]
[-84.61301820499999, 58.64509166000001]
[-82.44789808750001, -56.67231925000001]
[14.330615713199997, 56.008520088000004]
[-84.61301820499999, 58.64509166000001]
[-82.44789808750001, -56.67231925000001]
[0.0, 14.330615713199997, 56.008520088000004]
[12.964741163749999, 55.42810294166667]
[-86.26455942941178, 52.45495764705883]
[-81.437200825, -57.74631737500001]
[12.964741163749999, 55.42810294166667]
[-86.26455942941178, 52.45495764705883]
[-81.437200825, -57.74631737500001]
[12.964741163749999, 55.42810294166667]
[-86.26455942941178, 52.45495764705883]
[-81.437200825, -57.74631737500001]
[0.0, 12.964741163749999, 55.42810294166667]
[1.0, -86.26455942941178, 52.45495764705883]
[2.0, -81.437200825, -57.74631737500001]
[14.659883481249997, 56.2963337125]
[-83.22117881578949, 58.22326603157895]
[-82.97252907692307, -56.09983536923076]
[14.659883481249997, 56.2963337125]
[-83.22117881578949, 58.22326603157895]
[-82.97252907692307, -56.09983536923076]
[14.659883481249997, 56.2963337125]
[-83.22117881578949, 58.22326603157895]
[-82.97252907692307, -56.09983536923076]
[14.659883481249997, 56.2963337125]
[14.94730896148148, 56.404250370370384]
[-86.56496447058824, 50.18309675882353]
[-83.665353916, -55.733930311999984]
[14.94730896148148, 56.404250370370384]
[-86.56496447058824, 50.18309675882353]
[-83.665353916, -55.733930311999984]
[14.94730896148148, 56.404250370370384]
[-86.56496447058824, 50.18309675882353]
[-83.665353916, -55.733930311999984]
[14.94730896148148, 56.404250370370384]
[-86.56496447058824, 50.18309675882353]
[-83.665353916, -55.733930311999984]
[14.514092568076926, 55.71582687692307]
[-83.97805269444444, 50.52396736666667]
[-83.49092484800002, -58.58826739600001]
[14.514092568076926, 55.71582687692307]
[-83.97805269444444, 50.52396736666667]
[-83.49092484800002, -58.58826739600001]
[14.514092568076926, 55.71582687692307]
[-83.97805269444444, 50.52396736666667]
[15.183435330000002, 56.77482943599999]
[-85.20500616470588, 53.39221119999999]
[-80.97534577037038, -58.42737681481482]
[15.183435330000002, 56.77482943599999]
[-85.20500616470588, 53.39221119999999]
[-80.97534577037038, -58.42737681481482]
[15.183435330000002, 56.77482943599999]
[-85.20500616470588, 53.39221119999999]
[-80.97534577037038, -58.42737681481482]
[15.183435330000002, 56.77482943599999]
[-85.20500616470588, 53.39221119999999]
[16.411783306249998, 58.44783492083334]
[-84.82784567777777, 58.961469261111105]
[-83.43158981111111, -56.00159126666667]
[16.411783306249998, 58.44783492083334]
[-84.82784567777777, 58.961469261111105]
[-83.43158981111111, -56.00159126666667]
[16.411783306249998, 58.44783492083334]
[-84.82784567777777, 58.961469261111105]
[-83.43158981111111, -56.00159126666667]
[16.411783306249998, 58.44783492083334]
[12.670184372592594, 54.164763814814805]
[-86.27865973333334, 56.09108322777778]
[-78.91278866666667, -59.85644769166668]
[12.670184372592594, 54.164763814814805]
[-86.27865973333334, 56.09108322777778]
[-78.91278866666667, -59.85644769166668]
[12.670184372592594, 54.164763814814805]
[-86.27865973333334, 56.09108322777778]
[-78.91278866666667, -59.85644769166668]
[12.670184372592594, 54.164763814814805]
[20.613859827272723, 58.31265795454545]
[-84.4283839, 53.37268381]
[-79.39534433703703, -59.8273708074074]
[20.613859827272723, 58.31265795454545]
[-84.4283839, 53.37268381]
[-79.39534433703703, -59.8273708074074]
[20.613859827272723, 58.31265795454545]
[-84.4283839, 53.37268381]
[-79.39534433703703, -59.8273708074074]
[20.613859827272723, 58.31265795454545]
[15.337057841999997, 56.830383999999995]
[-85.47953562631578, 51.70953579473684]
[-82.81000722000003, -59.71634323999999]
[19.166384502916667, 56.58038911249998]
[-85.56200639999999, 58.218113755555564]
[-82.50265903703705, -56.818262870370376]
[19.166384502916667, 56.58038911249998]
[-85.56200639999999, 58.218113755555564]
[-82.50265903703705, -56.818262870370376]
[19.166384502916667, 56.58038911249998]
[-85.56200639999999, 58.218113755555564]
[-82.50265903703705, -56.818262870370376]
[19.166384502916667, 56.58038911249998]
[-85.56200639999999, 58.218113755555564]
[14.7233818228, 56.33747184799999]
[-85.86077458235296, 51.06478282352941]
[-83.09193892592593, -55.890967459259265]
[14.7233818228, 56.33747184799999]
[-85.86077458235296, 51.06478282352941]
[-83.09193892592593, -55.890967459259265]
[14.7233818228, 56.33747184799999]
[-85.86077458235296, 51.06478282352941]
[-83.09193892592593, -55.890967459259265]
[14.7233818228, 56.33747184799999]
[18.04434631666667, 56.228674744444454]
[-87.61574774444445, 51.11911363333334]
[-80.58598815833334, -58.22170464166667]
[18.04434631666667, 56.228674744444454]
[-87.61574774444445, 51.11911363333334]
[-80.58598815833334, -58.22170464166667]
[18.04434631666667, 56.228674744444454]
[-87.61574774444445, 51.11911363333334]
[-80.58598815833334, -58.22170464166667]
[18.04434631666667, 56.228674744444454]
[13.146648736956521, 55.4504335521739]
[-85.34888643809525, 52.55111855238095]
[-84.44519172, -54.687831768]
[13.146648736956521, 55.4504335521739]
[-85.34888643809525, 52.55111855238095]
[-84.44519172, -54.687831768]
[13.146648736956521, 55.4504335521739]
[-85.34888643809525, 52.55111855238095]
[-84.44519172, -54.687831768]
[13.146648736956521, 55.4504335521739]
[15.031470472, 56.541816016000006]
[-87.10967191578946, 50.42982042631579]
[-80.31374652000001, -61.679911284]
[15.031470472, 56.541816016000006]
[-87.10967191578946, 50.42982042631579]
[-80.31374652000001, -61.679911284]
[15.031470472, 56.541816016000006]
[-87.10967191578946, 50.42982042631579]
[-80.31374652000001, -61.679911284]
[15.031470472, 56.541816016000006]
[10.493576750434782, 52.41305434347826]
[-86.55232105882352, 49.289324482352946]
[-80.4990005448276, -58.80010896206896]
[10.493576750434782, 52.41305434347826]
[-86.55232105882352, 49.289324482352946]
[-80.4990005448276, -58.80010896206896]
[10.493576750434782, 52.41305434347826]
[-86.55232105882352, 49.289324482352946]
[-80.4990005448276, -58.80010896206896]
[10.493576750434782, 52.41305434347826]
[13.641234527407407, 55.151824600000005]
[-84.66623869333334, 51.97121920666668]
[-79.57822907407407, -62.29223104814815]
[13.641234527407407, 55.151824600000005]
[-84.66623869333334, 51.97121920666668]
[-79.57822907407407, -62.29223104814815]
[13.641234527407407, 55.151824600000005]
[-84.66623869333334, 51.97121920666668]
[-79.57822907407407, -62.29223104814815]
[13.641234527407407, 55.151824600000005]
[14.44438178666667, 55.91196776666666]
[-85.93293077500002, 51.24093716]
[-84.14971516818181, -54.36283389090909]
[14.44438178666667, 55.91196776666666]
[-85.93293077500002, 51.24093716]
[-84.14971516818181, -54.36283389090909]
[14.44438178666667, 55.91196776666666]
[-85.93293077500002, 51.24093716]
[-84.14971516818181, -54.36283389090909]
[14.44438178666667, 55.91196776666666]
[12.8378846604, 54.439175219999996]
[-84.00086110500001, 54.209403395]
[-81.12422932916667, -61.1850216]
[12.8378846604, 54.439175219999996]
[-84.00086110500001, 54.209403395]
[-81.12422932916667, -61.1850216]
[12.8378846604, 54.439175219999996]
[-84.00086110500001, 54.209403395]
[-81.12422932916667, -61.1850216]
[12.8378846604, 54.439175219999996]
[13.90602416173913, 56.27754568695652]
[-83.5555560125, 51.19379114375001]
[-81.81931921333334, -57.79523047333334]
[13.90602416173913, 56.27754568695652]
[-83.5555560125, 51.19379114375001]
[-81.81931921333334, -57.79523047333334]
[13.90602416173913, 56.27754568695652]
[-83.5555560125, 51.19379114375001]
[-81.81931921333334, -57.79523047333334]
[13.90602416173913, 56.27754568695652]
[18.8961331925, 56.586536783333315]
[-87.2553533894737, 54.6630783631579]
[-78.1244798076923, -63.77591252692308]
[18.8961331925, 56.586536783333315]
[-87.2553533894737, 54.6630783631579]
[-78.1244798076923, -63.77591252692308]
[18.8961331925, 56.586536783333315]
[-87.2553533894737, 54.6630783631579]
[-78.1244798076923, -63.77591252692308]
[18.8961331925, 56.586536783333315]
[-87.2553533894737, 54.6630783631579]
[21.426630130909096, 58.57536650454544]
[-81.776464265, 60.765271240000004]
[-80.47589238148149, -58.98213001111112]
[21.426630130909096, 58.57536650454544]
[-81.776464265, 60.765271240000004]
[-80.47589238148149, -58.98213001111112]
[21.426630130909096, 58.57536650454544]
[-81.776464265, 60.765271240000004]
[-80.47589238148149, -58.98213001111112]
[21.426630130909096, 58.57536650454544]
[-81.776464265, 60.765271240000004]
[-80.47589238148149, -58.98213001111112]
[17.671623300833335, 55.43570035833334]
[-85.99937938333333, 56.616094394444445]
[-82.2229773962963, -56.883699962962964]
[17.671623300833335, 55.43570035833334]
[-85.99937938333333, 56.616094394444445]
[-82.2229773962963, -56.883699962962964]
[17.671623300833335, 55.43570035833334]
[-85.99937938333333, 56.616094394444445]
[-82.2229773962963, -56.883699962962964]
[14.573640455555555, 55.977632985185174]
[-83.10121068749999, 57.56156190000001]
[-80.56774986153846, -58.55291926538462]
[14.573640455555555, 55.977632985185174]
[-83.10121068749999, 57.56156190000001]
[-80.56774986153846, -58.55291926538462]
[14.573640455555555, 55.977632985185174]
[-83.10121068749999, 57.56156190000001]
[-80.56774986153846, -58.55291926538462]
[14.573640455555555, 55.977632985185174]
[14.473929465925924, 55.79489748888889]
[-85.44740964705885, 48.508595158823525]
[-80.641918116, -61.70377832]
[14.473929465925924, 55.79489748888889]
[-85.44740964705885, 48.508595158823525]
[-80.641918116, -61.70377832]
[14.473929465925924, 55.79489748888889]
[-85.44740964705885, 48.508595158823525]
[-80.641918116, -61.70377832]
[14.473929465925924, 55.79489748888889]
[-85.44740964705885, 48.508595158823525]
[-80.641918116, -61.70377832]
[15.980865603861005, 54.59743006508092]
[-83.05438186084449, 54.629212241527064]
[-83.0753795439336, -54.02650188039019]
[15.980865603861005, 54.59743006508092]
[-83.05438186084449, 54.629212241527064]
[-83.0753795439336, -54.02650188039019]
[15.980865603861005, 54.59743006508092]
[-83.05438186084449, 54.629212241527064]
[-83.0753795439336, -54.02650188039019]
[15.980865603861005, 54.59743006508092]
[-83.05438186084449, 54.629212241527064]
[-83.0753795439336, -54.02650188039019]
[17.196261629523807, 55.58931204761905]
[-83.95825480454548, 54.21272819545456]
[-81.28499616923078, -58.169616376923074]
[17.196261629523807, 55.58931204761905]
[-83.95825480454548, 54.21272819545456]
[-81.28499616923078, -58.169616376923074]
[17.196261629523807, 55.58931204761905]
[-83.95825480454548, 54.21272819545456]
[-81.28499616923078, -58.169616376923074]
[17.196261629523807, 55.58931204761905]
[-83.95825480454548, 54.21272819545456]
[-81.28499616923078, -58.169616376923074]
[20.065415568095236, 57.70936657619047]
[-84.67730332857143, 54.94954848095238]
[-81.40308515925925, -61.21109210370371]
[20.065415568095236, 57.70936657619047]
[-84.67730332857143, 54.94954848095238]
[-81.40308515925925, -61.21109210370371]
[20.065415568095236, 57.70936657619047]
[-84.67730332857143, 54.94954848095238]
[-81.40308515925925, -61.21109210370371]
[20.065415568095236, 57.70936657619047]
[-84.67730332857143, 54.94954848095238]
[-81.40308515925925, -61.21109210370371]
[11.523487748260868, 53.86141579130435]
[-83.74824355238096, 53.900256028571434]
[-82.818413272, -56.00454264400001]
[11.523487748260868, 53.86141579130435]
[-83.74824355238096, 53.900256028571434]
[-82.818413272, -56.00454264400001]
[11.523487748260868, 53.86141579130435]
[-83.74824355238096, 53.900256028571434]
[-82.818413272, -56.00454264400001]
[11.523487748260868, 53.86141579130435]
[-83.74824355238096, 53.900256028571434]
[-82.818413272, -56.00454264400001]
[12.247457959230767, 53.55797852307693]
[-84.37286077058825, 56.665222035294114]
[-80.50564318076923, -61.86801091923077]
[12.247457959230767, 53.55797852307693]
[-84.37286077058825, 56.665222035294114]
[-80.50564318076923, -61.86801091923077]
[12.247457959230767, 53.55797852307693]
[-84.37286077058825, 56.665222035294114]
[-80.50564318076923, -61.86801091923077]
[12.247457959230767, 53.55797852307693]
[-84.37286077058825, 56.665222035294114]
[-80.50564318076923, -61.86801091923077]
[14.268783065555553, 55.981013077777774]
[-83.81523042105263, 57.37797103684212]
[-83.54081540869566, -55.14989246956522]
[14.268783065555553, 55.981013077777774]
[-83.81523042105263, 57.37797103684212]
[-83.54081540869566, -55.14989246956522]
[14.268783065555553, 55.981013077777774]
[-83.81523042105263, 57.37797103684212]
[-83.54081540869566, -55.14989246956522]
[14.268783065555553, 55.981013077777774]
[-83.81523042105263, 57.37797103684212]
[-83.54081540869566, -55.14989246956522]
[12.679462333333332, 54.498888959259254]
[-86.91008110588234, 51.21936536470588]
[-82.96697258399999, -56.23965394400001]
[12.679462333333332, 54.498888959259254]
[-86.91008110588234, 51.21936536470588]
[16.673614458, 54.73119229600001]
[-84.18987131578946, 58.50920991578948]
[-81.4754925, -60.563943187999996]
[16.673614458, 54.73119229600001]
[-84.18987131578946, 58.50920991578948]
[-81.4754925, -60.563943187999996]
[16.673614458, 54.73119229600001]
[-84.18987131578946, 58.50920991578948]
[-81.4754925, -60.563943187999996]
[16.673614458, 54.73119229600001]
[-84.18987131578946, 58.50920991578948]
[-81.4754925, -60.563943187999996]
[17.454127240000002, 54.920249865384626]
[-85.89213185789474, 51.533955921052645]
[-78.39105929583333, -60.28957443333332]
[17.454127240000002, 54.920249865384626]
[-85.89213185789474, 51.533955921052645]
[-78.39105929583333, -60.28957443333332]
[17.454127240000002, 54.920249865384626]
[-85.89213185789474, 51.533955921052645]
[-78.39105929583333, -60.28957443333332]
[17.454127240000002, 54.920249865384626]
[-85.89213185789474, 51.533955921052645]
[-78.39105929583333, -60.28957443333332]
[15.618012105600004, 53.738346292]
[-85.06150808333335, 59.19974636111111]
[-81.60088119230771, -57.273618103846154]
[15.618012105600004, 53.738346292]
[-85.06150808333335, 59.19974636111111]
[-81.60088119230771, -57.273618103846154]
[15.618012105600004, 53.738346292]
[-85.06150808333335, 59.19974636111111]
[-81.60088119230771, -57.273618103846154]
[15.618012105600004, 53.738346292]
[-85.06150808333335, 59.19974636111111]
[-81.60088119230771, -57.273618103846154]
[15.45837360923077, 54.17183922307691]
[-85.93120233888891, 52.44418040555556]
[-79.597430396, -62.42669748400001]
[15.45837360923077, 54.17183922307691]
[-85.93120233888891, 52.44418040555556]
[-79.597430396, -62.42669748400001]
[15.45837360923077, 54.17183922307691]
[-85.93120233888891, 52.44418040555556]
[-79.597430396, -62.42669748400001]
[15.45837360923077, 54.17183922307691]
[-85.93120233888891, 52.44418040555556]
[-79.597430396, -62.42669748400001]
[18.303170413703704, 56.08929620000001]
[-84.90849049999998, 52.74527662352941]
[-79.26817007199998, -59.57272256000001]
[18.303170413703704, 56.08929620000001]
[-84.90849049999998, 52.74527662352941]
[-79.26817007199998, -59.57272256000001]
[18.303170413703704, 56.08929620000001]
[-84.90849049999998, 52.74527662352941]
[-79.26817007199998, -59.57272256000001]
[18.303170413703704, 56.08929620000001]
[-84.90849049999998, 52.74527662352941]
[-79.26817007199998, -59.57272256000001]
[11.213942768148149, 52.896600633333314]
[-85.04921381578949, 58.09607646315789]
[-85.0428324478261, -57.3705189652174]
[11.213942768148149, 52.896600633333314]
[-85.04921381578949, 58.09607646315789]
[-85.0428324478261, -57.3705189652174]
[11.213942768148149, 52.896600633333314]
[-85.04921381578949, 58.09607646315789]
[-85.0428324478261, -57.3705189652174]
[11.213942768148149, 52.896600633333314]
[-85.04921381578949, 58.09607646315789]
[-85.0428324478261, -57.3705189652174]
[14.956686395, 56.335093653846144]
[-83.82620493529413, 52.81915733529413]
[-84.74069474615386, -54.44087533461539]
[14.956686395, 56.335093653846144]
[-83.82620493529413, 52.81915733529413]
[-84.74069474615386, -54.44087533461539]
[14.956686395, 56.335093653846144]
[-83.82620493529413, 52.81915733529413]
[-84.74069474615386, -54.44087533461539]
[12.8763376324, 55.56318215599998]
[-83.61096148421053, 53.1024594368421]
[-80.80327544400001, -61.4003687]
[12.8763376324, 55.56318215599998]
[-83.61096148421053, 53.1024594368421]
[-80.80327544400001, -61.4003687]
[12.8763376324, 55.56318215599998]
[-83.61096148421053, 53.1024594368421]
[-80.80327544400001, -61.4003687]
[15.193720916333337, 56.44855687333334]
[-84.00950377368419, 60.232903152631586]
[-79.09296394500001, -63.26501357499999]
[15.193720916333337, 56.44855687333334]
[-84.00950377368419, 60.232903152631586]
[-79.09296394500001, -63.26501357499999]
[15.193720916333337, 56.44855687333334]
[-84.00950377368419, 60.232903152631586]
[-79.09296394500001, -63.26501357499999]
[15.193720916333337, 56.44855687333334]
[-84.00950377368419, 60.232903152631586]
[-79.09296394500001, -63.26501357499999]
[19.30628062888889, 56.65855382222221]
[-85.30374197500001, 51.0526641]
[-81.26285246923076, -60.83549138846154]
[19.30628062888889, 56.65855382222221]
[-85.30374197500001, 51.0526641]
[-81.26285246923076, -60.83549138846154]
[19.30628062888889, 56.65855382222221]
[-85.30374197500001, 51.0526641]
[-81.26285246923076, -60.83549138846154]
[19.30628062888889, 56.65855382222221]
[-85.30374197500001, 51.0526641]
[-81.26285246923076, -60.83549138846154]
[20.313017954347828, 57.79928790434783]
[-84.47737267000001, 53.97143201]
[-81.53630617692308, -57.455053296153864]
[20.313017954347828, 57.79928790434783]
[-84.47737267000001, 53.97143201]
[-81.53630617692308, -57.455053296153864]
[20.313017954347828, 57.79928790434783]
[-84.47737267000001, 53.97143201]
[-81.53630617692308, -57.455053296153864]
[20.313017954347828, 57.79928790434783]
[-84.47737267000001, 53.97143201]
[-81.53630617692308, -57.455053296153864]
[15.719251879078637, 54.09222140114397]
[-83.66751711188428, 55.6356799234104]
[-82.81658971158039, -53.99710161411104]
[15.719251879078637, 54.09222140114397]
[-83.66751711188428, 55.6356799234104]
[-82.81658971158039, -53.99710161411104]
[15.719251879078637, 54.09222140114397]
[-83.66751711188428, 55.6356799234104]
[-82.81658971158039, -53.99710161411104]
[15.719251879078637, 54.09222140114397]
[-83.66751711188428, 55.6356799234104]
[-82.81658971158039, -53.99710161411104]
[16.223753558692447, 54.587939951115494]
[-83.29143581909061, 54.59655306576244]
[-82.58439959108767, -53.41725794914288]
[16.223753558692447, 54.587939951115494]
[-83.29143581909061, 54.59655306576244]
[-82.58439959108767, -53.41725794914288]
[16.223753558692447, 54.587939951115494]
[-83.29143581909061, 54.59655306576244]
[-82.58439959108767, -53.41725794914288]
[16.223753558692447, 54.587939951115494]
[-83.29143581909061, 54.59655306576244]
[-82.58439959108767, -53.41725794914288]
[15.55013019244955, 54.21546337093139]
[-83.08871695103882, 55.931653433850684]
[-83.05271036148663, -53.75646840501897]
[15.55013019244955, 54.21546337093139]
[-83.08871695103882, 55.931653433850684]
[-83.05271036148663, -53.75646840501897]
[15.55013019244955, 54.21546337093139]
[-83.08871695103882, 55.931653433850684]
[-83.05271036148663, -53.75646840501897]
[15.55013019244955, 54.21546337093139]
[18.39250142695652, 56.56426226956521]
[-83.99088697894736, 54.91814811578947]
[-80.64985374814816, -58.564809496296306]
[18.39250142695652, 56.56426226956521]
[-83.99088697894736, 54.91814811578947]
[-80.64985374814816, -58.564809496296306]
[18.39250142695652, 56.56426226956521]
[-83.99088697894736, 54.91814811578947]
[-80.64985374814816, -58.564809496296306]
[13.331512980869565, 55.35863953913044]
[-84.85561300909092, 52.9808758590909]
[-83.7630888625, -54.96243816666668]
[13.331512980869565, 55.35863953913044]
[-84.85561300909092, 52.9808758590909]
[-83.7630888625, -54.96243816666668]
[13.331512980869565, 55.35863953913044]
[-84.85561300909092, 52.9808758590909]
[-83.7630888625, -54.96243816666668]
[13.331512980869565, 55.35863953913044]
[14.554364995333335, 55.67731925333333]
[-83.39350618823529, 51.07787924705881]
[-81.28303470909091, -61.37273185909092]
[14.554364995333335, 55.67731925333333]
[-83.39350618823529, 51.07787924705881]
[-81.28303470909091, -61.37273185909092]
[14.554364995333335, 55.67731925333333]
[-83.39350618823529, 51.07787924705881]
[-81.28303470909091, -61.37273185909092]
[13.003410964583333, 55.0759325375]
[-83.37320860952381, 55.562854266666676]
[-80.15289695, -58.5438286125]
[13.003410964583333, 55.0759325375]
[-83.37320860952381, 55.562854266666676]
[-80.15289695, -58.5438286125]
[13.003410964583333, 55.0759325375]
[-83.37320860952381, 55.562854266666676]
[-80.15289695, -58.5438286125]
[15.749022688399998, 56.991152408000005]
[-83.32057175882353, 52.851773023529404]
[-82.04483726666668, -57.2247628962963]
[15.749022688399998, 56.991152408000005]
[-83.32057175882353, 52.851773023529404]
[-82.04483726666668, -57.2247628962963]
[15.749022688399998, 56.991152408000005]
[-83.32057175882353, 52.851773023529404]
[-82.04483726666668, -57.2247628962963]
[15.749022688399998, 56.991152408000005]
[13.404839906842108, 55.99906905263156]
[-84.6223267857143, 53.10368099523808]
[-80.77297838275862, -58.89867134827586]
[13.404839906842108, 55.99906905263156]
[-84.6223267857143, 53.10368099523808]
[-80.77297838275862, -58.89867134827586]
[13.404839906842108, 55.99906905263156]
[-84.6223267857143, 53.10368099523808]
[-80.77297838275862, -58.89867134827586]
[13.404839906842108, 55.99906905263156]
[-84.6223267857143, 53.10368099523808]
[-80.77297838275862, -58.89867134827586]
[18.052354717083333, 55.41871057916668]
[-84.68268602941174, 57.2349793117647]
[-84.73426392142859, -54.66355024285714]
[18.052354717083333, 55.41871057916668]
[-84.68268602941174, 57.2349793117647]
[-84.73426392142859, -54.66355024285714]
[18.052354717083333, 55.41871057916668]
[-84.68268602941174, 57.2349793117647]
[-84.73426392142859, -54.66355024285714]
[18.052354717083333, 55.41871057916668]
[-84.68268602941174, 57.2349793117647]
[-84.73426392142859, -54.66355024285714]
[13.059296426923076, 55.14261558846154]
[-88.35855650666667, 48.07490601999999]
[-82.7285253607143, -59.75055545357144]
[13.059296426923076, 55.14261558846154]
[-88.35855650666667, 48.07490601999999]
[-82.7285253607143, -59.75055545357144]
[13.059296426923076, 55.14261558846154]
[-88.35855650666667, 48.07490601999999]
[-82.7285253607143, -59.75055545357144]
[13.059296426923076, 55.14261558846154]
[-88.35855650666667, 48.07490601999999]
[-82.7285253607143, -59.75055545357144]
[12.922491102222224, 55.1180835]
[-84.45513469545453, 58.29688731363637]
[-79.02983647500001, -58.91506318999999]
[12.922491102222224, 55.1180835]
[-84.45513469545453, 58.29688731363637]
[-79.02983647500001, -58.91506318999999]
[12.922491102222224, 55.1180835]
[-84.45513469545453, 58.29688731363637]
[-79.02983647500001, -58.91506318999999]
[12.922491102222224, 55.1180835]
[-84.45513469545453, 58.29688731363637]
[-79.02983647500001, -58.91506318999999]
[14.900933526666664, 56.601243045833336]
[-86.12726791578949, 51.339234794736846]
[-78.3880390576923, -60.60340687307693]
[14.900933526666664, 56.601243045833336]
[-86.12726791578949, 51.339234794736846]
[-78.3880390576923, -60.60340687307693]
[14.900933526666664, 56.601243045833336]
[-86.12726791578949, 51.339234794736846]
[-78.3880390576923, -60.60340687307693]
[14.900933526666664, 56.601243045833336]
[-86.12726791578949, 51.339234794736846]
[-78.3880390576923, -60.60340687307693]
[15.012755412799995, 56.67463349999999]
[-85.00676560476192, 57.845125966666664]
[-83.76326595652174, -55.45311227826088]
[15.012755412799995, 56.67463349999999]
[-85.00676560476192, 57.845125966666664]
[-83.76326595652174, -55.45311227826088]
[15.012755412799995, 56.67463349999999]
[-85.00676560476192, 57.845125966666664]
[-83.76326595652174, -55.45311227826088]
[14.335108306363635, 56.97932693636365]
[-85.06484017619047, 57.23181635714286]
[-80.83963679615385, -58.379938300000006]
[14.335108306363635, 56.97932693636365]
[-85.06484017619047, 57.23181635714286]
[-80.83963679615385, -58.379938300000006]
[14.335108306363635, 56.97932693636365]
[-85.06484017619047, 57.23181635714286]
[-80.83963679615385, -58.379938300000006]
[14.335108306363635, 56.97932693636365]
[15.06114789730769, 56.360126234615386]
[-84.04320679473685, 59.52455031052631]
[-83.97983037083333, -54.92050877916666]
[15.06114789730769, 56.360126234615386]
[-84.04320679473685, 59.52455031052631]
[-83.97983037083333, -54.92050877916666]
[15.06114789730769, 56.360126234615386]
[-84.04320679473685, 59.52455031052631]
[-83.97983037083333, -54.92050877916666]
[15.06114789730769, 56.360126234615386]
[-84.04320679473685, 59.52455031052631]
[-83.97983037083333, -54.92050877916666]
[18.577203205999997, 56.345202807999996]
[-88.08766406666668, 49.19479903888889]
[-81.51978957307693, -60.60719900769232]
[18.577203205999997, 56.345202807999996]
[-88.08766406666668, 49.19479903888889]
[-81.51978957307693, -60.60719900769232]
[18.577203205999997, 56.345202807999996]
[-88.08766406666668, 49.19479903888889]
[-81.51978957307693, -60.60719900769232]
[18.577203205999997, 56.345202807999996]
[-88.08766406666668, 49.19479903888889]
[-81.51978957307693, -60.60719900769232]
[13.365401590000001, 55.299184634782605]
[-86.19393075652174, 52.74408192608697]
[-81.50708583478259, -57.03554927391305]
[13.365401590000001, 55.299184634782605]
[-86.19393075652174, 52.74408192608697]
[-81.50708583478259, -57.03554927391305]
[13.365401590000001, 55.299184634782605]
[-86.19393075652174, 52.74408192608697]
[-81.50708583478259, -57.03554927391305]
[13.365401590000001, 55.299184634782605]
[-86.19393075652174, 52.74408192608697]
[-81.50708583478259, -57.03554927391305]
[13.117546312592593, 54.78956759629629]
[-81.09630875882353, 54.28296130588236]
[-81.35187003200001, -57.62359561199999]
[13.117546312592593, 54.78956759629629]
[-81.09630875882353, 54.28296130588236]
[-81.35187003200001, -57.62359561199999]
[13.117546312592593, 54.78956759629629]
[-81.09630875882353, 54.28296130588236]
[-81.35187003200001, -57.62359561199999]
[13.117546312592593, 54.78956759629629]
[-81.09630875882353, 54.28296130588236]
[-81.35187003200001, -57.62359561199999]
[16.497052093599997, 57.597523775999996]
[-84.79003014444443, 52.6295971388889]
[-80.13258922692307, -58.88452853076923]
[16.497052093599997, 57.597523775999996]
[-84.79003014444443, 52.6295971388889]
[-80.13258922692307, -58.88452853076923]
[16.497052093599997, 57.597523775999996]
[-84.79003014444443, 52.6295971388889]
[-80.13258922692307, -58.88452853076923]
[16.497052093599997, 57.597523775999996]
[-84.79003014444443, 52.6295971388889]
[-80.13258922692307, -58.88452853076923]
[15.914678971249998, 57.63290372916666]
[-84.587127745, 52.59258988500001]
[-81.02341073199999, -58.152483972000006]
[15.914678971249998, 57.63290372916666]
[-84.587127745, 52.59258988500001]
[-81.02341073199999, -58.152483972000006]
[15.914678971249998, 57.63290372916666]
[-84.587127745, 52.59258988500001]
[-81.02341073199999, -58.152483972000006]
[15.914678971249998, 57.63290372916666]
[-84.587127745, 52.59258988500001]
[-81.02341073199999, -58.152483972000006]
[13.082505462173911, 55.3622148173913]
[-84.96616767222223, 52.05248665]
[-80.9998742607143, -58.56479215714287]
[13.082505462173911, 55.3622148173913]
[-84.96616767222223, 52.05248665]
[-80.9998742607143, -58.56479215714287]
[13.082505462173911, 55.3622148173913]
[-84.96616767222223, 52.05248665]
[-80.9998742607143, -58.56479215714287]
[13.082505462173911, 55.3622148173913]
[-84.96616767222223, 52.05248665]
[-80.9998742607143, -58.56479215714287]
[15.734401635541213, 53.995241929640514]
[-83.51561929098061, 55.2850008746766]
[-83.2280047908682, -54.50064191597693]
[15.734401635541213, 53.995241929640514]
[-83.51561929098061, 55.2850008746766]
[-83.2280047908682, -54.50064191597693]
[15.734401635541213, 53.995241929640514]
[-83.51561929098061, 55.2850008746766]
[-83.2280047908682, -54.50064191597693]
[15.734401635541213, 53.995241929640514]
[-83.51561929098061, 55.2850008746766]
[-83.2280047908682, -54.50064191597693]
[17.910235940000003, 55.716038848]
[-82.3856504631579, 54.97641954736843]
[-82.473554216, -56.872178156]
[17.910235940000003, 55.716038848]
[-82.3856504631579, 54.97641954736843]
[-82.473554216, -56.872178156]
[17.910235940000003, 55.716038848]
[-82.3856504631579, 54.97641954736843]
[-82.473554216, -56.872178156]
[14.082273177200001, 56.02342256399999]
[-84.27160646666668, 58.519755049999986]
[-82.33014648846155, -56.64932774615385]
[14.082273177200001, 56.02342256399999]
[-84.27160646666668, 58.519755049999986]
[-82.33014648846155, -56.64932774615385]
[14.082273177200001, 56.02342256399999]
[-84.27160646666668, 58.519755049999986]
[-82.33014648846155, -56.64932774615385]
[14.082273177200001, 56.02342256399999]
[15.297102023703708, 56.89212794074074]
[-85.31952811250001, 50.62641297500001]
[-83.12055196538459, -55.88060128461538]
[15.297102023703708, 56.89212794074074]
[-85.31952811250001, 50.62641297500001]
[-83.12055196538459, -55.88060128461538]
[15.297102023703708, 56.89212794074074]
[-85.31952811250001, 50.62641297500001]
[-83.12055196538459, -55.88060128461538]
[15.297102023703708, 56.89212794074074]
[14.540274096153846, 55.677669692307695]
[-87.61483002352941, 49.84902799411765]
[-81.78302384615384, -57.421220369230774]
[16.58067693241379, 54.59841069655173]
[-87.81665224000001, 47.186338279999994]
[-81.69076973199999, -57.612094375999995]
[16.58067693241379, 54.59841069655173]
[-87.81665224000001, 47.186338279999994]
[-81.69076973199999, -57.612094375999995]
[16.58067693241379, 54.59841069655173]
[-87.81665224000001, 47.186338279999994]
[-81.69076973199999, -57.612094375999995]
[16.58067693241379, 54.59841069655173]
[13.516861677083334, 55.763331975]
[-87.58867055, 49.148338245000005]
[-81.797947592, -60.80828837600001]
[13.516861677083334, 55.763331975]
[-87.58867055, 49.148338245000005]
[-81.797947592, -60.80828837600001]
[13.516861677083334, 55.763331975]
[-87.58867055, 49.148338245000005]
[-81.797947592, -60.80828837600001]
[13.516861677083334, 55.763331975]
[20.064683175652174, 57.69128500434784]
[-87.42815975, 56.24462044444445]
[-82.15615460000001, -57.26034856785714]
[20.064683175652174, 57.69128500434784]
[-87.42815975, 56.24462044444445]
[-82.15615460000001, -57.26034856785714]
[20.064683175652174, 57.69128500434784]
[-87.42815975, 56.24462044444445]
[-82.15615460000001, -57.26034856785714]
[20.064683175652174, 57.69128500434784]
[-87.42815975, 56.24462044444445]
[-82.15615460000001, -57.26034856785714]
[14.330736552499996, 55.76175252142856]
[-86.9494933368421, 50.44886745789474]
[-81.33089545, -57.19601463636366]
[14.330736552499996, 55.76175252142856]
[-86.9494933368421, 50.44886745789474]
[-81.33089545, -57.19601463636366]
[14.330736552499996, 55.76175252142856]
[-86.9494933368421, 50.44886745789474]
[-81.33089545, -57.19601463636366]
[14.330736552499996, 55.76175252142856]
[-86.9494933368421, 50.44886745789474]
[-81.33089545, -57.19601463636366]
[15.805114040370372, 56.7667176074074]
[-83.9851816111111, 53.07463729444444]
[-80.68945474583334, -58.1243410875]
[15.805114040370372, 56.7667176074074]
[-83.9851816111111, 53.07463729444444]
[-80.68945474583334, -58.1243410875]
[15.805114040370372, 56.7667176074074]
[-83.9851816111111, 53.07463729444444]
[-80.68945474583334, -58.1243410875]
[15.805114040370372, 56.7667176074074]
[13.919393206799999, 55.59686318800001]
[-82.82498586666665, 58.038463961111106]
[-86.02116151923079, -53.45090703076922]
[13.919393206799999, 55.59686318800001]
[-82.82498586666665, 58.038463961111106]
[-86.02116151923079, -53.45090703076922]
[13.919393206799999, 55.59686318800001]
[-82.82498586666665, 58.038463961111106]
[-86.02116151923079, -53.45090703076922]
[13.919393206799999, 55.59686318800001]
[-82.82498586666665, 58.038463961111106]
[-86.02116151923079, -53.45090703076922]
[14.013587448076926, 56.048804319230776]
[-86.16503884999999, 55.69209871428571]
[-81.40423568965517, -58.13563600689654]
[14.013587448076926, 56.048804319230776]
[-86.16503884999999, 55.69209871428571]
[-81.40423568965517, -58.13563600689654]
[14.013587448076926, 56.048804319230776]
[-86.16503884999999, 55.69209871428571]
[-81.40423568965517, -58.13563600689654]
[14.013587448076926, 56.048804319230776]
[-86.16503884999999, 55.69209871428571]
[-81.40423568965517, -58.13563600689654]
[19.083265632692306, 56.95370627307692]
[-84.78444443333335, 52.846129955555554]
[-81.461303868, -57.48710551200001]
[19.083265632692306, 56.95370627307692]
[-84.78444443333335, 52.846129955555554]
[-81.461303868, -57.48710551200001]
[19.083265632692306, 56.95370627307692]
[-84.78444443333335, 52.846129955555554]
[-81.461303868, -57.48710551200001]
[19.083265632692306, 56.95370627307692]
[-84.78444443333335, 52.846129955555554]
[-81.461303868, -57.48710551200001]
[13.683938683571427, 55.30881973928571]
[-83.0925444368421, 58.465816689473684]
[-82.35129346818184, -56.34508816363637]
[13.683938683571427, 55.30881973928571]
[-83.0925444368421, 58.465816689473684]
[-82.35129346818184, -56.34508816363637]
[13.683938683571427, 55.30881973928571]
[-83.0925444368421, 58.465816689473684]
[-82.35129346818184, -56.34508816363637]
[13.683938683571427, 55.30881973928571]
[-83.0925444368421, 58.465816689473684]
[-82.35129346818184, -56.34508816363637]
[15.111656375562463, 53.54302772671688]
[-83.03366269820575, 54.91090878788465]
[-82.94577324657303, -54.502474366666654]
[15.111656375562463, 53.54302772671688]
[-83.03366269820575, 54.91090878788465]
[-82.94577324657303, -54.502474366666654]
[15.111656375562463, 53.54302772671688]
[-83.03366269820575, 54.91090878788465]
[-82.94577324657303, -54.502474366666654]
[15.111656375562463, 53.54302772671688]
[-83.03366269820575, 54.91090878788465]
[-82.94577324657303, -54.502474366666654]
[15.855483868552723, 54.4220368529243]
[-83.4936470423853, 54.12162342468782]
[-82.988475974045, -54.47512264859281]
[14.335377812042779, 53.091260881283425]
[-83.59194487474747, 52.95710157020202]
[-84.01958545406697, -55.66982898516746]
[14.335377812042779, 53.091260881283425]
[-83.59194487474747, 52.95710157020202]
[-84.01958545406697, -55.66982898516746]
[14.335377812042779, 53.091260881283425]
[-83.59194487474747, 52.95710157020202]
[-84.01958545406697, -55.66982898516746]
[14.335377812042779, 53.091260881283425]
[-83.59194487474747, 52.95710157020202]
[-84.01958545406697, -55.66982898516746]
[15.873764335144749, 54.34964719129613]
[-83.55742579093975, 55.23659526751412]
[-82.77805985009893, -54.01570242589719]
[15.873764335144749, 54.34964719129613]
[-83.55742579093975, 55.23659526751412]
[-82.77805985009893, -54.01570242589719]
[15.873764335144749, 54.34964719129613]
[-83.55742579093975, 55.23659526751412]
[-82.77805985009893, -54.01570242589719]
[15.873764335144749, 54.34964719129613]
[-83.55742579093975, 55.23659526751412]
[-82.77805985009893, -54.01570242589719]
[18.319713745, 55.8384148]
[-85.62781644210527, 51.730888047368424]
[-80.01799994615384, -62.350847657692306]
[18.319713745, 55.8384148]
[-85.62781644210527, 51.730888047368424]
[-80.01799994615384, -62.350847657692306]
[18.319713745, 55.8384148]
[-85.62781644210527, 51.730888047368424]
[-80.01799994615384, -62.350847657692306]
[18.319713745, 55.8384148]
[14.779249899090907, 57.08589913181818]
[-84.02614508421053, 55.156075673684214]
[-80.6092789392857, -58.96276283928572]
[14.779249899090907, 57.08589913181818]
[-84.02614508421053, 55.156075673684214]
[-80.6092789392857, -58.96276283928572]
[14.779249899090907, 57.08589913181818]
[-84.02614508421053, 55.156075673684214]
[-80.6092789392857, -58.96276283928572]
[13.850378116818183, 56.361348981818196]
[-84.12396623333333, 57.79365822857143]
[-82.67270751923076, -56.426949442307695]
[13.850378116818183, 56.361348981818196]
[-84.12396623333333, 57.79365822857143]
[-82.67270751923076, -56.426949442307695]
[13.850378116818183, 56.361348981818196]
[-84.12396623333333, 57.79365822857143]
[-82.67270751923076, -56.426949442307695]
[13.850378116818183, 56.361348981818196]
[-84.12396623333333, 57.79365822857143]
[-82.67270751923076, -56.426949442307695]
[13.587085837857144, 55.24544497499999]
[-87.58795407222222, 48.96918971111111]
[-81.34209743913043, -57.315946669565214]
[13.587085837857144, 55.24544497499999]
[-87.58795407222222, 48.96918971111111]
[-81.34209743913043, -57.315946669565214]
[13.587085837857144, 55.24544497499999]
[-87.58795407222222, 48.96918971111111]
[-81.34209743913043, -57.315946669565214]
[13.587085837857144, 55.24544497499999]
[-87.58795407222222, 48.96918971111111]
[-81.34209743913043, -57.315946669565214]
[14.44829429346154, 56.412683230769225]
[-83.24395803529413, 54.45446645882353]
[-80.51187047692308, -58.49161477692308]
[14.44829429346154, 56.412683230769225]
[-83.24395803529413, 54.45446645882353]
[-80.51187047692308, -58.49161477692308]
[14.44829429346154, 56.412683230769225]
[-83.24395803529413, 54.45446645882353]
[-80.51187047692308, -58.49161477692308]
[14.44829429346154, 56.412683230769225]
[-83.24395803529413, 54.45446645882353]
[-80.51187047692308, -58.49161477692308]
[14.763502176363636, 57.169211218181815]
[-86.11189547727272, 56.72988696818183]
[-82.577973428, -56.400756504]
[14.763502176363636, 57.169211218181815]
[-86.11189547727272, 56.72988696818183]
[-82.577973428, -56.400756504]
[14.763502176363636, 57.169211218181815]
[-86.11189547727272, 56.72988696818183]
[-82.577973428, -56.400756504]
[14.763502176363636, 57.169211218181815]
[-86.11189547727272, 56.72988696818183]
[-82.577973428, -56.400756504]
[12.232147596250002, 53.65927874166666]
[-85.39018116842105, 54.35021578947368]
[-79.69250181153846, -59.44351715769231]
[12.232147596250002, 53.65927874166666]
[-85.39018116842105, 54.35021578947368]
[-79.69250181153846, -59.44351715769231]
[12.232147596250002, 53.65927874166666]
[-85.39018116842105, 54.35021578947368]
[-79.69250181153846, -59.44351715769231]
[12.232147596250002, 53.65927874166666]
[-85.39018116842105, 54.35021578947368]
[-79.69250181153846, -59.44351715769231]
[0.0, 12.232147596250002, 53.65927874166666]
[18.947528628636363, 57.15242379090909]
[-81.58059260000002, 55.54069360499999]
[-80.43772855555555, -61.90426051111112]
[18.405031393999998, 56.91767542]
[-83.74096226111112, 53.59949827222222]
[-82.9221918576923, -56.443657557692305]
[18.405031393999998, 56.91767542]
[-83.74096226111112, 53.59949827222222]
[-82.9221918576923, -56.443657557692305]
[18.405031393999998, 56.91767542]
[-83.74096226111112, 53.59949827222222]
[-82.9221918576923, -56.443657557692305]
[18.405031393999998, 56.91767542]
[-83.74096226111112, 53.59949827222222]
[-82.9221918576923, -56.443657557692305]
[18.405031393999998, 56.91767542]
[-83.74096226111112, 53.59949827222222]
[-82.9221918576923, -56.443657557692305]
[12.403454939583332, 54.302988437500005]
[-85.53488395, 51.64044787222222]
[-83.47237404814814, -55.60613316666667]
[12.403454939583332, 54.302988437500005]
[-85.53488395, 51.64044787222222]
[-83.47237404814814, -55.60613316666667]
[12.403454939583332, 54.302988437500005]
[-85.53488395, 51.64044787222222]
[-83.47237404814814, -55.60613316666667]
[12.403454939583332, 54.302988437500005]
[-85.53488395, 51.64044787222222]
[-83.47237404814814, -55.60613316666667]
[12.403454939583332, 54.302988437500005]
[-85.53488395, 51.64044787222222]
[-83.47237404814814, -55.60613316666667]
[15.28665036344828, 56.71115397586207]
[-85.81961423125, 58.55382600625]
[-79.1898571875, -63.17357354166668]
[15.28665036344828, 56.71115397586207]
[-85.81961423125, 58.55382600625]
[-79.1898571875, -63.17357354166668]
[15.28665036344828, 56.71115397586207]
[-85.81961423125, 58.55382600625]
[-79.1898571875, -63.17357354166668]
[15.28665036344828, 56.71115397586207]
[-85.81961423125, 58.55382600625]
[-79.1898571875, -63.17357354166668]
[15.28665036344828, 56.71115397586207]
[-85.81961423125, 58.55382600625]
[-79.1898571875, -63.17357354166668]
[15.66739054037502, 54.23429001973807]
[-83.07434820297604, 54.62562135929119]
[-83.24944041283702, -53.947145040308584]
[16.18160641285325, 54.36835762772466]
[-83.75404348482076, 54.41020506188679]
[-82.76430715703064, -54.597001251628356]
[14.208534614799998, 55.98217506]
[-84.36186262666668, 53.39794594666667]
[-83.32294794482759, -56.39575772413793]
[14.208534614799998, 55.98217506]
[-84.36186262666668, 53.39794594666667]
[-83.32294794482759, -56.39575772413793]
[14.208534614799998, 55.98217506]
[-84.36186262666668, 53.39794594666667]
[-83.32294794482759, -56.39575772413793]
[14.208534614799998, 55.98217506]
[-84.36186262666668, 53.39794594666667]
[-83.32294794482759, -56.39575772413793]
[14.208534614799998, 55.98217506]
[-84.36186262666668, 53.39794594666667]
[-83.32294794482759, -56.39575772413793]
[19.000692942000004, 56.97105847599999]
[-86.12858107368422, 51.256158378947376]
[-81.60881685999999, -57.396672288]
[19.000692942000004, 56.97105847599999]
[-86.12858107368422, 51.256158378947376]
[-81.60881685999999, -57.396672288]
[19.000692942000004, 56.97105847599999]
[-86.12858107368422, 51.256158378947376]
[-81.60881685999999, -57.396672288]
[19.000692942000004, 56.97105847599999]
[-86.12858107368422, 51.256158378947376]
[-81.60881685999999, -57.396672288]
[19.000692942000004, 56.97105847599999]
[-86.12858107368422, 51.256158378947376]
[-81.60881685999999, -57.396672288]
[15.210370500434786, 57.314206739130434]
[-87.18143045, 55.247401055]
[-78.16944116923077, -60.829133507692305]
[15.210370500434786, 57.314206739130434]
[-87.18143045, 55.247401055]
[-78.16944116923077, -60.829133507692305]
[15.210370500434786, 57.314206739130434]
[-87.18143045, 55.247401055]
[-78.16944116923077, -60.829133507692305]
[15.210370500434786, 57.314206739130434]
[-87.18143045, 55.247401055]
[-78.16944116923077, -60.829133507692305]
[15.210370500434786, 57.314206739130434]
[-87.18143045, 55.247401055]
[-78.16944116923077, -60.829133507692305]
[16.744670125194638, 55.04648429501411]
[-83.45839278467217, 54.7368841344358]
[-82.33648096705382, -53.96280053040605]
[16.744670125194638, 55.04648429501411]
[-83.45839278467217, 54.7368841344358]
[-82.33648096705382, -53.96280053040605]
[16.744670125194638, 55.04648429501411]
[-83.45839278467217, 54.7368841344358]
[-82.33648096705382, -53.96280053040605]
[16.744670125194638, 55.04648429501411]
[-83.45839278467217, 54.7368841344358]
[-82.33648096705382, -53.96280053040605]
[16.744670125194638, 55.04648429501411]
[-83.45839278467217, 54.7368841344358]
[-82.33648096705382, -53.96280053040605]
[-0.554886326165463, -170.09043257480553]
[-0.559617387695, 60.30814109498346]
[-25.242948676148327, -170.35542991280354]
[-0.554886326165463, -170.09043257480553]
[-0.559617387695, 60.30814109498346]
[-25.242948676148327, -170.35542991280354]
[-0.554886326165463, -170.09043257480553]
[-0.559617387695, 60.30814109498346]
[-25.242948676148327, -170.35542991280354]
[-0.3145622012624514, -171.10211939044746]
[-0.5457744065640523, 59.207044795340806]
[-25.343797106910564, -169.40835563342912]
[-0.3145622012624514, -171.10211939044746]
[-0.5457744065640523, 59.207044795340806]
[-25.343797106910564, -169.40835563342912]
[-0.3145622012624514, -171.10211939044746]
[-0.5457744065640523, 59.207044795340806]
[-25.343797106910564, -169.40835563342912]
[-0.3145622012624514, -171.10211939044746]
[-0.5457744065640523, 59.207044795340806]
[-25.343797106910564, -169.40835563342912]
[-0.3145622012624514, -171.10211939044746]
[-0.5457744065640523, 59.207044795340806]
[-25.343797106910564, -169.40835563342912]
[11.731727645454544, 54.37412782272727]
[-84.11325722, 53.37749330500001]
[-78.85674824444443, -60.40150707407409]
[11.731727645454544, 54.37412782272727]
[-84.11325722, 53.37749330500001]
[-78.85674824444443, -60.40150707407409]
[11.731727645454544, 54.37412782272727]
[-84.11325722, 53.37749330500001]
[-78.85674824444443, -60.40150707407409]
[11.731727645454544, 54.37412782272727]
[-84.11325722, 53.37749330500001]
[-78.85674824444443, -60.40150707407409]
[11.731727645454544, 54.37412782272727]
[-84.11325722, 53.37749330500001]
[-78.85674824444443, -60.40150707407409]
[12.995309483809526, 55.55330787142856]
[-86.00005962777779, 57.54316447222223]
[-82.31173589333333, -59.76382633666666]
[12.995309483809526, 55.55330787142856]
[-86.00005962777779, 57.54316447222223]
[-82.31173589333333, -59.76382633666666]
[12.995309483809526, 55.55330787142856]
[-86.00005962777779, 57.54316447222223]
[-82.31173589333333, -59.76382633666666]
[12.995309483809526, 55.55330787142856]
[-86.00005962777779, 57.54316447222223]
[-82.31173589333333, -59.76382633666666]
[12.995309483809526, 55.55330787142856]
[-86.00005962777779, 57.54316447222223]
[-82.31173589333333, -59.76382633666666]