
[[663.119776   237.88560795]
 [237.88560795 160.28182054]]
[[110.02806036 100.27336439]
 [100.27336439 690.12311307]]
[[ 229.88045035 -290.24064436]
 [-290.24064436  642.06682598]]
[[663.119776   237.88560795]
 [237.88560795 160.28182054]]
[[110.02806036 100.27336439]
 [100.27336439 690.12311307]]
[[ 229.88045035 -290.24064436]
 [-290.24064436  642.06682598]]
[[663.119776   237.88560795]
 [237.88560795 160.28182054]]
[[110.02806036 100.27336439]
 [100.27336439 690.12311307]]
[[ 229.88045035 -290.24064436]
 [-290.24064436  642.06682598]]
[[663.119776   237.88560795]
 [237.88560795 160.28182054]]
[[110.02806036 100.27336439]
 [100.27336439 690.12311307]]
[[ 229.88045035 -290.24064436]
 [-290.24064436  642.06682598]]
[[  0.           0.           0.        ]
 [  0.         663.119776   237.88560795]
 [  0.         237.88560795 160.28182054]]