
[14.808456063830263, 3.110846724145116, -0.15884174950852417]
[15.65837646406353, -10.893348462169977, 60.534682118980065]
[14.866711395373024, 3.0252851138581085, 0.42145324258688616]
[15.96450115110846, -10.884107700361533, 61.705335002470264]
[14.8388781706175, 3.1820026403859174, -0.33008277607535663]
[15.587714898380444, -10.919730714213047, 60.36375015552246]
[14.878841265903857, 3.049476231200369, 0.37029103371856903]
[15.47639916723648, -10.885426914901343, 59.78385692335124]
[14.969305230211722, 3.077769910932411, 0.6115708159600564]
[15.335096700003058, -11.026565096263072, 59.80390870471832]
[14.487531782710994, 3.1371606432111783, -1.5334928260365985]
[15.3632499823606, -10.961871225790265, 59.650169019360426]
[14.767814231260331, 2.880972107592688, 0.6219072702507592]
[15.630146928583944, -10.94456334482648, 60.63293287647409]
[12.701785710181818, 1.4270639385090904, -1.5813187172727274]
[16.643654980816326, -10.552575870040814, 63.02901694734698]
[15.50807316745763, 3.7006473736949155, 0.18817611610169502]
[17.78110700533333, -10.083673776888887, 65.59947788044447]
[14.66815488350427, 2.809602483141007, 0.5206955504468119]
[15.689188078316104, -10.922861809475673, 60.77715550883313]
[14.73231097838459, 3.1345646097984803, -0.556549275619563]
[15.666893250289, -10.914932961338582, 60.65667865711651]
[14.818351394312698, 3.3439545029994324, -1.0742064260554602]
[15.63647153620732, -10.914572562766368, 60.53510729052693]
[14.885910726513377, 2.926783853971701, 0.9005465731628096]
[15.994914650761562, -10.766020886842975, 61.34190774268973]
[14.763880332931013, 3.157843220002357, -0.5272341199723053]
[15.611959398363819, -10.945012849753835, 60.56297442445114]
[15.136396862907459, 3.194530975011943, 0.793135707793594]
[15.084743235272207, -10.998830634898955, 58.702033709309305]
[14.796494269246319, 3.2923900998185744, -0.9493682516467169]
[15.611589929315945, -10.877709438702606, 60.28595109958704]
[14.594837754401395, 3.028251334135906, -0.663966688525636]
[15.562119402734945, -10.925755553528868, 60.28737474804513]
[14.610949368819602, 2.752112671329922, 0.5302497376612721]
[15.217794056090215, -11.06502376750524, 59.49829710612265]
[14.85282583234204, 3.1107503344571965, 0.016711369673307337]
[14.659680142457972, 2.875500350033884, 0.2174298752540615]
[14.625708564164492, 2.971346838704689, -0.30911023468046883]
[14.484759903266209, 2.398504861658896, 1.4798914241023788]
[14.988420030647855, -11.093141604734031, 58.70792233448623]
[14.47478770857225, 2.901544862804547, -0.6191054461897025]
[15.385663142717306, -11.000782956247063, 59.89796827008995]
[14.629657120407602, 2.96786381698298, -0.27926176116197704]
[15.340193399802198, -11.016900104964217, 59.78445693404761]
[14.652364946001686, 2.9864490368055963, -0.2657127979149903]
[15.401448943232397, -11.029149407879546, 60.07642847547034]
[14.720937216041552, 2.6854521249692866, 1.2373812308473127]
[15.548134673631358, -10.860821483969287, 59.96630343270318]
[14.667284534933907, 2.817048077920926, 0.48677469408962637]
[15.612048411712118, -10.826751906938835, 60.07912230119809]
[14.758590826329312, 2.7277272014817204, 1.2129367099857151]
[15.821070876253426, -10.855456956087576, 61.02180891068378]
[14.712940323760709, 3.10303160274108, -0.5039111205118596]
[15.390667035060044, -10.90112373958748, 59.50968086172186]
[14.700822645830515, 2.8405218616724683, 0.5230627865130246]
[16.079090455653656, -10.689839470497088, 61.36229386605466]
[14.667161118401863, 2.7607595295716747, 0.7167533756304308]
[15.408133704339637, -10.918663514534673, 59.65044825511589]
[14.729185675726605, 3.119642715863105, -0.5077913351588176]
[15.331156666015326, -10.936947664733104, 59.42142811541487]
[56.73352889851935, -36.542446150469324, -41.892732475336864]
[55.23667093380433, -35.558281746776636, 75.08941906901201]
[57.54615625916053, -38.41338752462698, -38.572121067186]
[54.42268981617659, -34.16677921427436, 75.17514203163181]
[53.62955873566621, -35.53710547094318, -42.0215322657759]
[56.23867797111614, -34.923929670977834, 76.1561567916866]
[55.67766989003623, -36.99916411847908, -41.03266335285965]
[54.28439623728569, -35.194510388916825, 74.66270775613455]
[54.52366949040693, -36.842923521219205]
[54.59585381325635, -34.760044725160405]
[-36.87481847161777, -40.11800811095962]
[-31.562578712036444, 76.15723248219325]
[-36.171017801324496, -43.74698613480037]
[-37.31654415894217, 74.75009401606908]
[54.466830280091, -40.62084549357747]
[56.2164016870862, 75.51421813714428]
[56.52887983958063]
[54.675209818884994]
[56.790104842781616]
[55.376998107691485]
[55.95257198136294]
[53.364755970677976]
[55.81296057622762]
[55.94288091037177]
[56.47062548068287]
[54.90195242702107]
[53.26202608719088, -34.85341549904755]
[54.55481365311029, -31.01499322082752]
[57.08194748735115]
[55.805977763475006]
[57.4244535887628, -37.8055080911045]
[53.90837261674008, -34.737672536520776]
[50.83476889663847, -37.969499797036306]
[54.88884987863581, 75.26166370980741]
[55.519933025531316, -35.64409306755535, -43.71244923747158]
[54.4399578614827, -35.84247055105903, 75.43142280358299]
[55.56795135606669, -36.70457932318994, -44.6464851782745]
[54.924159463339905, -34.48257596549636, 76.52531299797208]
[58.05283139505951, -38.627331232214075, -39.78472780736046]
[53.22980905237273, -31.229596757867455, 75.90636356495065]
[-35.807413037143846, -41.905753704376856]
[-36.45586061715074, 74.09608916544288]
[55.47110066040171, -38.39850816500385]
[55.25963193402923, 77.06067914659091]
[14.63398323614563, -0.3367296042130928]
[15.221585032793133, 59.31260883248851]
[14.817863033112534, 3.041021104018223, 0.16418574810613837]
[15.94892801772055, -10.737685173983664, 61.04434961777625]
[15.595764818285712, 4.055891126857143, -0.9201414928571442]
[11.404962131470588, -12.096915139764702, 48.671327070588234]
[53.95387530315971, -37.17465586190197, -43.33498186293179]
[54.02287488453921, -34.71759942274653, 74.41907598216882]
[56.653609306411646]
[53.83748923275373]
[53.54748320381104]
[54.44825252856772]
[54.34696558350926]
[54.424933685085676]
[14.450983831608442]
[15.650676486396161]
[2.9161075478843608, -0.08443549790390847]
[-10.836974958608474, 61.38746706236442]
[3.295633908281874, -0.6261335184024415]
[-11.209801228413543, 58.10987849469263]
[3.031739942896701, -0.49255082910872117]
[-10.840493743151216, 59.91550289214318]
[14.83216458217759, -0.15050164396657248]
[15.944920296253262, 61.16630509589974]
[14.719907519873777, 2.957821368216455]
[15.430094882134295, -10.835338135722749]
[14.559074502406736, 2.992456195106076]
[15.317252004120153, -11.039401365971832]
[0.5500871960102083]
[58.445089886344434]
[14.58885437101553]
[15.183378091669773]
[2.9939526121098137]
[-10.687885407115132]
[]
[]
[-36.126585649694626, -40.017199118092336]
[-37.31580160353382, 74.97714095145986]
[54.83328535708212, -42.76635870630107]
[55.527560313739535, 75.64535161999035]
[55.29522620737753, -37.33743560448691]
[54.353263958291066, -35.41628100930688]
[-40.92065509039111]
[75.17788857447479]
[53.76280131192166]
[54.31068478040718]
[-36.471771114192045]
[-34.94035873895213]
[]
[]