
[[ 134.03193444  634.50077178]
 [ 634.50077178 5288.45887346]]
[[ 100.91964849 -452.95345516]
 [-452.95345516 7565.66710722]]
[[   31.72972955   247.86924348]
 [  247.86924348 16493.06414149]]
[[ 133.8497839   631.03761416]
 [ 631.03761416 5469.06681677]]
[[  94.11654144 -433.90803995]
 [-433.90803995 7396.62668736]]
[[   33.89210123   261.83392556]
 [  261.83392556 15783.73973773]]
[[ 127.02058257  595.65423733]
 [ 595.65423733 5091.55171225]]
[[  96.34386803 -431.46977693]
 [-431.46977693 7429.77096338]]
[[   36.37982005   273.03856098]
 [  273.03856098 16575.51183482]]
[[ 133.01664696  594.80104146]
 [ 594.80104146 5540.06697353]]
[[  97.38845235 -429.51550289]
 [-429.51550289 7487.34391427]]
[[   35.02848537   265.54594705]
 [  265.54594705 16029.99673971]]
[[ 133.27929112  627.3083283 ]
 [ 627.3083283  5468.83992122]]
[[  93.63309912 -426.02858383]
 [-426.02858383 7284.1175231 ]]
[[   34.65327237   283.42886317]
 [  283.42886317 16639.0425247 ]]
[[ 129.17529283  615.50913973]
 [ 615.50913973 5041.92233162]]
[[  99.84835294 -468.87309741]
 [-468.87309741 7522.39494597]]
[[   35.66866768   277.23142296]
 [  277.23142296 16119.71983793]]
[[ 129.87259509  613.59519809]
 [ 613.59519809 5339.54616244]]
[[  92.34358112 -475.15077874]
 [-475.15077874 6780.39984498]]
[[   37.72713008   282.0350768 ]
 [  282.0350768  16041.52869057]]
[[ 128.62114547  595.37171358]
 [ 595.37171358 5308.77697051]]
[[  93.87886531 -431.40571825]
 [-431.40571825 7195.34664556]]
[[   35.4115609    277.29051405]
 [  277.29051405 16635.97633787]]
[[ 129.24773329  613.06071665]
 [ 613.06071665 5196.42358773]]
[[  96.32311048 -431.73108974]
 [-431.73108974 7122.51157587]]
[[   31.45780208   286.86438534]
 [  286.86438534 16481.71672903]]
[[ 132.15699064  612.94444746]
 [ 612.94444746 5418.44489139]]
[[  96.09057004 -400.03122078]
 [-400.03122078 7969.39042076]]
[[   30.85597729   260.61083309]
 [  260.61083309 15917.23343501]]
[[ 131.25160038  603.31475127]
 [ 603.31475127 5257.87580478]]
[[  97.65503481 -483.89402697]
 [-483.89402697 7357.80591495]]
[[   34.35877759   266.21538335]
 [  266.21538335 16421.58657326]]
[[ 132.89649016  628.65937851]
 [ 628.65937851 5278.13229366]]
[[  97.79807305 -482.49712529]
 [-482.49712529 7166.34484907]]
[[   35.84709258   288.40797471]
 [  288.40797471 16526.75268201]]
[[ 127.10567371  594.33417618]
 [ 594.33417618 5307.19110231]]
[[  96.63548864 -441.40096429]
 [-441.40096429 7607.73131097]]
[[   34.15825892   288.19163807]
 [  288.19163807 16242.02765111]]
[[ 132.22318891  643.96864038]
 [ 643.96864038 5092.81838553]]
[[  98.24033092 -445.25566026]
 [-445.25566026 7691.24015367]]
[[   31.6849614    270.77064367]
 [  270.77064367 16915.60794038]]
[[ 127.19882666  584.5298556 ]
 [ 584.5298556  5096.26870981]]
[[  95.20791784 -445.68744997]
 [-445.68744997 7164.42260655]]
[[   33.78615082   281.62607445]
 [  281.62607445 16633.94687808]]
[[ 127.61873976  624.4010343 ]
 [ 624.4010343  5269.52908562]]
[[  92.45690426 -443.12959039]
 [-443.12959039 6991.06065624]]
[[   37.42532093   297.61554654]
 [  297.61554654 16847.03042454]]
[[ 132.86542943  626.93962751]
 [ 626.93962751 5549.69923442]]
[[  96.48363889 -439.12016909]
 [-439.12016909 7320.95132465]]
[[   30.54817911   257.95174837]
 [  257.95174837 16201.83106076]]
[[ 131.89984744  617.14336715]
 [ 617.14336715 5618.35982269]]
[[  93.27040702 -427.0915758 ]
 [-427.0915758  7189.14646056]]
[[   34.18919611   301.80803079]
 [  301.80803079 17079.20745648]]
[[ 135.40199176  631.93277899]
 [ 631.93277899 5511.14909736]]
[[  95.68871703 -483.08940441]
 [-483.08940441 6808.56125423]]
[[   35.19705395   274.73576735]
 [  274.73576735 16751.22155886]]
[[ 136.9328035   629.5760986 ]
 [ 629.5760986  5394.45733165]]
[[  93.64381489 -403.28113216]
 [-403.28113216 7299.23603765]]
[[   30.42695616   268.30639686]
 [  268.30639686 16942.77246632]]
[[ 130.22074065  606.37280972]
 [ 606.37280972 5423.55439817]]
[[  98.31622804 -454.30361782]
 [-454.30361782 7497.50788996]]
[[   42.57454554   307.29451824]
 [  307.29451824 16728.2273028 ]]
[[ 133.36326062  639.24048937]
 [ 639.24048937 5579.61670799]]
[[  98.08996868 -433.74548277]
 [-433.74548277 7199.87975543]]
[[   28.39016775   248.06100139]
 [  248.06100139 16315.97446939]]
[[ 134.34463397  624.03521445]
 [ 624.03521445 5560.84537327]]
[[  92.66989551 -430.8642243 ]
 [-430.8642243  7553.61288909]]
[[   32.49395323   269.05919144]
 [  269.05919144 16245.82525469]]
[[ 133.55429425  643.40359841]
 [ 643.40359841 5126.41787277]]
[[  93.98479454 -441.3567304 ]
 [-441.3567304  7592.551274  ]]
[[   30.42400471   257.43194599]
 [  257.43194599 16510.30145004]]
[[ 132.15535683  617.04635355]
 [ 617.04635355 5039.23057654]]
[[  97.3809702  -442.82002063]
 [-442.82002063 7062.4821909 ]]
[[   31.22628523   269.12450394]
 [  269.12450394 16521.29598068]]
[[ 132.78470707  633.57060815]
 [ 633.57060815 5419.04799958]]
[[  93.57081833 -448.20656818]
 [-448.20656818 6887.51939607]]
[[   33.99582604   263.88481459]
 [  263.88481459 16897.6487041 ]]
[[ 132.19454596  646.76004843]
 [ 646.76004843 5298.39925067]]
[[  94.97405797 -429.80107418]
 [-429.80107418 7114.53728569]]
[[   30.02713616   264.73986507]
 [  264.73986507 16515.08820465]]
[[ 135.41831939  643.15718547]
 [ 643.15718547 5285.16847809]]
[[  97.80544679 -457.79388352]
 [-457.79388352 7376.68771888]]
[[   36.07983901   272.68092378]
 [  272.68092378 15986.7202565 ]]
[[ 128.85705731  606.00378445]
 [ 606.00378445 5388.29990499]]
[[  97.04798877 -474.75825712]
 [-474.75825712 7227.10415087]]
[[   37.6632319    294.30316994]
 [  294.30316994 16510.38754422]]
[[ 131.01713805  615.07444562]
 [ 615.07444562 5501.85288222]]
[[  94.69803776 -447.25059492]
 [-447.25059492 7186.57322024]]
[[   33.97444147   266.33996939]
 [  266.33996939 16046.08662991]]
[[ 131.31305161  634.32935671]
 [ 634.32935671 5331.7676431 ]]
[[  96.59987094 -424.57835904]
 [-424.57835904 7532.98713621]]
[[   37.39536708   283.16682401]
 [  283.16682401 17024.28989035]]
[[ 132.04733975  615.02603997]
 [ 615.02603997 5234.5853526 ]]
[[  94.53357498 -468.48028861]
 [-468.48028861 6812.40184419]]
[[   32.02226523   276.36266387]
 [  276.36266387 16286.4477659 ]]
[[ 135.11212036  644.00866915]
 [ 644.00866915 5378.57713936]]
[[  95.91570639 -471.48796145]
 [-471.48796145 6985.74965068]]
[[   36.91749643   308.33850223]
 [  308.33850223 17061.38796526]]
[[ 128.33318685  600.18522245]
 [ 600.18522245 5161.88416977]]
[[  93.2177458  -399.64013615]
 [-399.64013615 7163.32194856]]
[[   35.99480601   283.29576997]
 [  283.29576997 16514.68621876]]
[[ 127.84710548  607.63963125]
 [ 607.63963125 4848.18860315]]
[[  91.7081448  -443.51982624]
 [-443.51982624 6901.78419998]]
[[   35.2354436    284.03089609]
 [  284.03089609 16776.25023536]]
[[ 131.36223469  609.46732312]
 [ 609.46732312 5073.60008704]]
[[  91.69213955 -424.55855288]
 [-424.55855288 7036.01174983]]
[[   27.11778447   254.91725532]
 [  254.91725532 16458.8367318 ]]
[[ 124.85171033  589.0113261 ]
 [ 589.0113261  5173.71962351]]
[[  93.77316861 -445.21394133]
 [-445.21394133 7053.79360095]]
[[   32.35569282   281.49836371]
 [  281.49836371 17047.75143789]]
[[ 128.14183582  631.71982517]
 [ 631.71982517 5119.20419255]]
[[  98.30184632 -455.44832609]
 [-455.44832609 7569.68803576]]
[[   33.29418645   264.70714239]
 [  264.70714239 16559.43624457]]
[[ 131.94375162  614.91929009]
 [ 614.91929009 5402.71117402]]
[[  97.13986807 -487.04668851]
 [-487.04668851 6569.21916237]]
[[   36.72492389   302.68104017]
 [  302.68104017 16627.34921907]]
[[ 134.89285216  623.43970064]
 [ 623.43970064 5310.6728923 ]]
[[  95.11121708 -467.55547306]
 [-467.55547306 7115.6441789 ]]
[[   35.44235525   270.92834048]
 [  270.92834048 15474.4489263 ]]
[[ 134.55086396  631.15242072]
 [ 631.15242072 5338.59861837]]
[[  95.21322179 -454.0942009 ]
 [-454.0942009  6929.65714705]]
[[   33.0574143    267.23824502]
 [  267.23824502 15725.63306177]]
[[ 129.76061383  629.33201508]
 [ 629.33201508 5160.46274236]]
[[  94.52791263 -400.32531351]
 [-400.32531351 7560.0301853 ]]
[[   34.27169442   269.10722757]
 [  269.10722757 16657.1460848 ]]
[[ 128.58682276  619.03340193]
 [ 619.03340193 5116.50662665]]
[[  97.17043727 -420.8225347 ]
 [-420.8225347  7862.98141163]]
[[   31.90566594   255.6043874 ]
 [  255.6043874  16767.19578056]]
[[ 135.41821461  632.8092545 ]
 [ 632.8092545  5178.08043997]]
[[ 100.57360955 -456.73767832]
 [-456.73767832 7938.74666006]]
[[   38.78400869   283.3950967 ]
 [  283.3950967  16797.70054111]]
[[ 137.51131107  652.52238912]
 [ 652.52238912 5346.50604093]]
[[  97.19298515 -463.71670316]
 [-463.71670316 7102.87508836]]
[[   34.26181351   261.63654962]
 [  261.63654962 15846.0085614 ]]
[[ 131.75229009  632.71741414]
 [ 632.71741414 5579.38698185]]
[[  96.44131399 -450.67423805]
 [-450.67423805 7686.09472298]]
[[   39.51932238   291.38326115]
 [  291.38326115 16221.55722567]]
[[ 133.2832699   640.8456428 ]
 [ 640.8456428  5581.03406732]]
[[  95.05243728 -446.8276084 ]
 [-446.8276084  7306.88056634]]
[[   34.2447709    278.55338989]
 [  278.55338989 15997.43103271]]
[[ 135.31314981  629.73346926]
 [ 629.73346926 5620.57979155]]
[[ 100.56622654 -433.14504054]
 [-433.14504054 7573.82800251]]
[[   31.26010431   278.36831992]
 [  278.36831992 17125.73092048]]
[[ 129.66758427  593.85325586]
 [ 593.85325586 5316.18504526]]
[[  96.89132069 -452.28662871]
 [-452.28662871 7184.86267691]]
[[   33.10985095   280.08823383]
 [  280.08823383 16298.33543637]]
[[ 130.73274426  601.69989298]
 [ 601.69989298 5485.58374535]]
[[  95.34612901 -442.66208565]
 [-442.66208565 7282.35908481]]
[[   36.51536456   294.98702176]
 [  294.98702176 16294.26116645]]
[[ 134.80103118  633.79745274]
 [ 633.79745274 4995.34396676]]
[[  95.12771753 -417.9878995 ]
 [-417.9878995  7686.20250552]]
[[   29.34211023   256.14577722]
 [  256.14577722 16420.40450945]]
[[ 135.31876772  643.2529364 ]
 [ 643.2529364  5736.19078301]]
[[  93.44990397 -472.12519096]
 [-472.12519096 6719.35014654]]
[[   25.80247215   240.6112749 ]
 [  240.6112749  16635.61206764]]
[[ 134.22252127  648.40795565]
 [ 648.40795565 5530.59263642]]
[[  95.92599324 -445.86787119]
 [-445.86787119 7265.30659181]]
[[   30.77029388   288.6632148 ]
 [  288.6632148  17262.27185045]]
[[ 133.32897476  619.90060871]
 [ 619.90060871 5529.9671271 ]]
[[  97.64712003 -444.88499839]
 [-444.88499839 7117.86599545]]
[[   33.93443779   283.84747561]
 [  283.84747561 17341.67463365]]
[[ 139.9151607   655.10467432]
 [ 655.10467432 5666.43286239]]
[[  94.52810505 -431.85037728]
 [-431.85037728 6973.81253824]]
[[   38.10577399   278.78848781]
 [  278.78848781 16587.93259982]]
[[ 131.89269192  622.27964086]
 [ 622.27964086 5514.8941338 ]]
[[  95.32568048 -474.17436812]
 [-474.17436812 6866.21659592]]
[[   34.49004514   259.48869878]
 [  259.48869878 16107.19456625]]
[[ 131.6040682   634.11398367]
 [ 634.11398367 5179.86371719]]
[[  93.69176294 -436.47764868]
 [-436.47764868 6813.48621939]]
[[   38.14881135   298.64575386]
 [  298.64575386 17067.61884982]]
[[ 135.63775189  641.14096042]
 [ 641.14096042 5386.20143739]]
[[  96.37475285 -449.55118457]
 [-449.55118457 7387.97302499]]
[[   29.0781645    241.48318404]
 [  241.48318404 15909.47687476]]
[[ 133.7356355   625.07616796]
 [ 625.07616796 5351.58622286]]
[[  96.7012839  -418.99002345]
 [-418.99002345 7544.79783446]]
[[   28.99201491   260.44586393]
 [  260.44586393 16262.23178196]]
[[ 134.40224633  640.35547216]
 [ 640.35547216 5510.12540181]]
[[  95.93937466 -448.20513368]
 [-448.20513368 7123.14848428]]
[[   32.63324832   262.05156736]
 [  262.05156736 15787.92318211]]
[[ 129.87345917  608.10938278]
 [ 608.10938278 5295.12742769]]
[[  96.53576034 -435.54872326]
 [-435.54872326 7519.66500706]]
[[   30.65634513   270.73176279]
 [  270.73176279 16420.07376097]]
[[ 134.69312384  652.17230128]
 [ 652.17230128 5408.12547485]]
[[  95.28997155 -426.32897043]
 [-426.32897043 7541.38351748]]
[[   33.87451838   286.57764556]
 [  286.57764556 16211.44365926]]
[[ 127.44372969  593.72758957]
 [ 593.72758957 4838.54920296]]
[[ 100.30099291 -430.7224737 ]
 [-430.7224737  7784.98281428]]
[[   33.14249869   293.40972903]
 [  293.40972903 16868.83726215]]
[[ 131.74026522  618.51364289]
 [ 618.51364289 5269.92992268]]
[[  98.77830264 -432.2681487 ]
 [-432.2681487  7552.83515561]]
[[   39.44960049   294.19609928]
 [  294.19609928 16735.14612444]]
[[ 132.31095604  615.34114473]
 [ 615.34114473 5165.58820734]]
[[  94.69461665 -450.13788608]
 [-450.13788608 7358.69859138]]
[[   34.48019998   263.30575796]
 [  263.30575796 15599.44203977]]
[[ 135.30533935  644.98022372]
 [ 644.98022372 5517.15859995]]
[[  93.89500006 -488.60140208]
 [-488.60140208 6633.0390229 ]]
[[   31.9149507    286.9746393 ]
 [  286.9746393  17474.10567946]]
[[ 131.21511588  624.14837133]
 [ 624.14837133 5423.44489071]]
[[  99.61554445 -433.58850292]
 [-433.58850292 7992.46831132]]
[[   33.31604747   293.4943444 ]
 [  293.4943444  17070.44339436]]
[[ 134.16486364  635.71694863]
 [ 635.71694863 5181.8127537 ]]
[[  94.22703695 -434.26449182]
 [-434.26449182 7241.78450903]]
[[   33.51030517   275.00790347]
 [  275.00790347 16071.58690229]]
[[ 133.77596282  623.45182425]
 [ 623.45182425 5504.74329402]]
[[  91.57912177 -425.56017473]
 [-425.56017473 7182.42215245]]
[[   31.33746047   262.74961554]
 [  262.74961554 17220.13788816]]
[[ 128.7219653   599.79236207]
 [ 599.79236207 5383.65061364]]
[[  94.03323005 -466.13997282]
 [-466.13997282 6855.73887871]]
[[   31.95181519   282.54978837]
 [  282.54978837 16728.67366565]]
[[ 134.04670011  640.11755427]
 [ 640.11755427 5491.77375859]]
[[ 101.90988708 -472.67767954]
 [-472.67767954 7507.77493015]]
[[   28.15957117   239.09335148]
 [  239.09335148 16619.43220051]]
[[ 134.24323657  621.56820914]
 [ 621.56820914 5473.28426984]]
[[  99.18333217 -450.51970536]
 [-450.51970536 7439.44002256]]
[[   31.39011404   262.53342178]
 [  262.53342178 16505.42268926]]
[[ 135.16389951  621.7741678 ]
 [ 621.7741678  5241.25077752]]
[[  96.23010081 -463.2006902 ]
 [-463.2006902  7513.33726249]]
[[   31.92389337   268.74080585]
 [  268.74080585 16931.49733937]]
[[ 130.80879324  619.29490379]
 [ 619.29490379 5506.37356259]]
[[  95.3478781  -448.12948301]
 [-448.12948301 7210.91765913]]
[[   32.98421091   264.31493293]
 [  264.31493293 16257.96493716]]
[[ 134.5266031   641.41659811]
 [ 641.41659811 5658.36175271]]
[[  96.96123823 -442.93238514]
 [-442.93238514 7340.16936049]]
[[   37.43113141   293.12005011]
 [  293.12005011 16840.90860408]]
[[ 128.07645054  631.83232568]
 [ 631.83232568 5465.29786048]]
[[  94.24275522 -425.99342406]
 [-425.99342406 6911.89859586]]
[[   34.40192351   276.61741873]
 [  276.61741873 16717.07734521]]
[[ 127.6721498   601.68130189]
 [ 601.68130189 5369.42670468]]
[[  93.84352776 -425.37834161]
 [-425.37834161 7496.27595668]]
[[   27.78359237   272.93431804]
 [  272.93431804 17095.33138379]]
[[ 135.95100754  652.81321258]
 [ 652.81321258 5605.54648669]]
[[  94.79917761 -423.16100989]
 [-423.16100989 6925.69001727]]
[[   30.80651764   256.0612966 ]
 [  256.0612966  16207.63547476]]
[[ 129.40755479  607.36202894]
 [ 607.36202894 5366.98484667]]
[[  98.00917434 -468.38570253]
 [-468.38570253 7191.42624239]]
[[   32.02554169   262.05999552]
 [  262.05999552 15840.11645398]]
[[ 133.84564831  630.64524691]
 [ 630.64524691 5508.89918091]]
[[  96.6128102  -487.37050885]
 [-487.37050885 6832.41994987]]
[[   35.58403122   291.14288615]
 [  291.14288615 17087.78606609]]
[[ 131.98369101  604.02547641]
 [ 604.02547641 5347.54478802]]
[[  98.0177348  -483.36084511]
 [-483.36084511 7226.32857616]]
[[   32.12985225   270.19637803]
 [  270.19637803 17137.69323831]]
[[ 127.433198    595.66895071]
 [ 595.66895071 5174.89537725]]
[[  94.10233498 -423.91123142]
 [-423.91123142 7229.73808047]]
[[   27.67955333   259.72653019]
 [  259.72653019 15790.75541105]]
[[ 131.4999876   614.36077107]
 [ 614.36077107 5453.23897975]]
[[  94.75674609 -446.55454225]
 [-446.55454225 6887.8593889 ]]
[[   37.68367598   274.90490309]
 [  274.90490309 16579.23901475]]
[[ 132.52766047  621.36649128]
 [ 621.36649128 5317.40273959]]
[[  93.7765763  -438.53343836]
 [-438.53343836 7294.81682536]]
[[   29.19707381   258.88555969]
 [  258.88555969 16661.00628128]]
[[ 136.34704591  638.14836663]
 [ 638.14836663 5308.67080691]]
[[  97.874004   -430.7291886 ]
 [-430.7291886  7759.12671875]]
[[   32.63125901   261.40376565]
 [  261.40376565 16203.40313897]]
[[ 130.38055929  608.65650793]
 [ 608.65650793 5174.06866262]]
[[  94.64552002 -443.99521126]
 [-443.99521126 7255.28622545]]
[[   31.45860899   270.80262927]
 [  270.80262927 16420.14107171]]
[[ 135.5142514   624.97285155]
 [ 624.97285155 5549.6957478 ]]
[[  98.78047962 -411.06981949]
 [-411.06981949 7617.86709024]]
[[   36.42126963   300.47241012]
 [  300.47241012 17407.53043621]]
[[ 123.02388852  573.02006891]
 [ 573.02006891 5170.14900939]]
[[  99.82753231 -434.46804629]
 [-434.46804629 7795.05318297]]
[[   30.73282832   279.47123029]
 [  279.47123029 16786.56581357]]
[[ 131.42004585  615.71513193]
 [ 615.71513193 5628.66049803]]
[[  96.55485512 -459.09366896]
 [-459.09366896 6982.30421642]]
[[   30.39942872   246.34244895]
 [  246.34244895 16267.37817527]]
[[ 130.57391308  623.53847684]
 [ 623.53847684 5386.29117191]]
[[  96.36217156 -434.62801908]
 [-434.62801908 7210.69751607]]
[[   30.07044547   266.9257708 ]
 [  266.9257708  15899.05577617]]
[[ 125.79000074  589.8722911 ]
 [ 589.8722911  5269.85620668]]
[[  97.45273316 -463.1632853 ]
 [-463.1632853  7157.56075037]]
[[   29.78475724   241.76467392]
 [  241.76467392 15854.1697054 ]]
[[ 127.2975308   594.31700417]
 [ 594.31700417 4993.74187479]]
[[  91.51139116 -391.97043871]
 [-391.97043871 7182.53057354]]
[[   30.18483461   269.73708932]
 [  269.73708932 17108.29329439]]
[[ 127.74659958  615.92834252]
 [ 615.92834252 5409.65142568]]
[[  95.70793386 -473.97402982]
 [-473.97402982 7020.38208527]]
[[   34.81875292   288.00308717]
 [  288.00308717 16951.89063806]]
[[ 131.28828486  617.04527533]
 [ 617.04527533 5445.16801448]]
[[  97.97218889 -456.55720356]
 [-456.55720356 7425.38009837]]
[[   38.89541339   284.10270889]
 [  284.10270889 16294.50610349]]
[[ 136.08168212  622.37047947]
 [ 622.37047947 5321.32121216]]
[[  97.6304386  -426.42204329]
 [-426.42204329 7459.1430849 ]]
[[   31.91897598   252.38630755]
 [  252.38630755 17143.29303798]]
[[ 136.35320999  636.92792169]
 [ 636.92792169 5377.71282768]]
[[  92.89658631 -434.53925637]
 [-434.53925637 7008.14137869]]
[[   29.21058384   271.18246269]
 [  271.18246269 16832.87111989]]
[[ 132.94931348  624.82424764]
 [ 624.82424764 5619.07117332]]
[[  97.52484367 -438.58783444]
 [-438.58783444 7369.01898738]]
[[   33.09192962   271.36870017]
 [  271.36870017 17023.71296299]]
[[ 133.71825438  640.45901642]
 [ 640.45901642 5679.78709178]]
[[  94.23412411 -474.13163881]
 [-474.13163881 7347.95325935]]
[[   37.94003005   270.97026755]
 [  270.97026755 16577.99665857]]
[[ 129.5794245   614.44807975]
 [ 614.44807975 5398.71320675]]
[[  96.13290691 -464.9720773 ]
 [-464.9720773  7347.89364384]]
[[   32.17929078   271.78039174]
 [  271.78039174 17098.98648459]]
[[ 133.84445008  663.93026515]
 [ 663.93026515 5422.79169623]]
[[  94.57667509 -437.89641119]
 [-437.89641119 7278.78878524]]
[[   33.82384453   267.49697833]
 [  267.49697833 16633.31508621]]