


[[4.41290741 1.89823945]]
[[2.91711162 1.61444517 1.29984248 1.13692045]]
[[1.28625252 1.37928975 1.34102938 1.27681426 1.21323848 1.15548449
  1.10396352]]
[[-0.73133564  1.11209589  1.43110366  1.49901518  1.4955483   1.46736309
   1.43048871  1.39127624  1.35240469  1.31500205]]
[[1.19173652 2.77070849]]
[[2.1667945  0.01765573 0.35519893 0.55211647]]
[[ 2.44849369 -0.6141847  -0.15395083  0.17104651  0.35276745  0.45460068
   0.51236902]]
[[ 2.75975611 -1.28025588 -0.64399844 -0.14475637  0.16328602  0.35558709
   0.47962341  0.56201648  0.61793145  0.65633278]]
[[1.68026213 1.38914837]]
[[  0.9800538    8.63443399 -12.86942282   5.91174658]]
[[   0.95578972    7.78281301   11.91165285 -139.98826942  334.4508358
  -330.52513788  118.12151304]]
[[ 1.08732456e+00 -7.58576528e+00  3.82653046e+02 -3.62805553e+03
   1.68004616e+04 -4.40517806e+04  6.83862328e+04 -6.21690393e+04
   3.05388539e+04 -6.25004808e+03]]
[[1.67698036 1.1251883 ]]
[[ 1.66971221  0.98813358  0.26777503 -0.04786172]]
[[ 1.65876905  1.03850398  0.36153474  0.06826547 -0.06697646 -0.1330187
  -0.16586826]]
[[ 1.65271061  1.04674354  0.39243951  0.11411074 -0.0114771  -0.07115968
  -0.09974412 -0.11264718 -0.1172542  -0.11731985]]
[[1.44454222 0.79127069]]
[[1.38256164 0.63977338 0.34635769 0.21730101]]
[[1.37494802 0.60803217 0.30901961 0.17848401 0.11233224 0.07512345
  0.05253103]]
[[1.37433211 0.60356084 0.30318875 0.17204581 0.10561578 0.06829428
  0.04567873 0.03114197 0.02134717 0.01449555]]
[[1.19798997 0.6195564 ]]
[[1.13752339 0.52513629 0.3191137  0.22754262]]
[[1.12093232 0.49042623 0.28142421 0.18966992 0.14157178 0.11323176
  0.09503836]]
[[1.11658827 0.47952255 0.26877336 0.17640783 0.12814135 0.0998376
  0.08178161 0.06947594 0.06063173 0.05399822]]
[[ 1.80577048  0.94630746  0.30882913  0.07135956 -0.01176749 -0.03654655
  -0.03920489 -0.03384983 -0.02608038 -0.0180993 ]]
[[-7.14307857e-01  5.69645003e+01 -5.78777857e+02  3.65178922e+03
  -1.40078580e+04  3.32348134e+04 -4.91177735e+04  4.40879558e+04
  -2.20249301e+04  4.70136207e+03]]
[[  1.20323549   4.41819555  14.50204054 -59.38598707  57.4961451
   -7.70046869  -7.72379003]]
[[   1.14618999    2.99764214   50.195601   -256.09326338  474.54674053
  -386.85836111  116.76519565]]
[[2.07592482 0.83167527]]
[[  1.22189381   7.01069734 -10.96602256   5.5034151 ]]
[[ 5.23110494e-01  2.19630056e+01 -1.21740966e+02  3.83494234e+02
  -6.47668134e+02  5.41221834e+02 -1.75307401e+02]]
[[ 8.76140937e-01  7.64273259e+00  1.26004275e+02 -1.89983688e+03
   1.13587606e+04 -3.67458967e+04  6.90324592e+04 -7.51521703e+04
   4.39343645e+04 -1.06612334e+04]]
[[2.3972184]]
[[1.77961937 1.20994006]]
[[ 1.33742715  4.28808189 -3.24042461]]
[[  0.96755293   9.98317572 -17.86528144   9.79060529]]
[[  0.88220326  12.52260356 -30.55706461  30.47728596 -10.60406261]]
[[  0.97914775   8.35379261   0.9039927  -56.25950567  89.35905459
  -40.82711277]]
[[   1.06397528    2.84869022   66.45509904 -347.43652556  675.6330703
  -585.12101027  189.43780581]]
[[   1.06169041    3.06671162   62.84371888 -325.32888567  611.33740773
  -488.90185147  117.79985929   21.01559158]]
[[ 1.02724199e+00  8.01109813e+00 -4.68649838e+01  5.74453661e+02
  -2.99535459e+03  7.35897173e+03 -9.34816642e+03  5.97130026e+03
  -1.52074116e+03]]
[[ 9.95201654e-01  1.48969234e+01 -2.44647105e+02  2.69696343e+03
  -1.43415448e+04  4.13890542e+04 -6.92880085e+04  6.74935658e+04
  -3.55637170e+04  7.84558918e+03]]
[[2.5808821]]
[[2.16078062 0.81442651]]
[[ 1.7449504   2.89233905 -1.91968669]]
[[  1.12872146   8.9525138  -16.28897712   9.29899837]]
[[  0.91565777  12.18675084 -29.34656386  28.54248677  -9.320294  ]]
[[  0.92366366  12.02033128 -28.36041209  26.15505607  -6.80634286
   -0.95672612]]
[[   0.52773056   22.16141064 -109.05365348  310.73503835 -501.01390457
   412.29644415 -132.77818715]]
[[ 5.47882191e-02  3.67776209e+01 -2.59310327e+02  1.02668449e+03
  -2.28675206e+03  2.81569155e+03 -1.78415632e+03  4.53975211e+02]]
[[-1.52288573e+00  9.40214247e+01 -9.84536029e+02  5.42786942e+03
  -1.68627830e+04  3.05837001e+04 -3.21184315e+04  1.80940816e+04
  -4.22962993e+03]]
[[-2.99435576e+00  1.54896498e+02 -1.89934679e+03  1.22260780e+04
  -4.53755575e+04  1.02398537e+05 -1.42802836e+05  1.20189779e+05
  -5.59347287e+04  1.10490745e+04]]
[[  0.71250202  11.46016194 -19.4003335    9.8989261 ]]
[[  0.53081975  14.57658467 -32.77701294  30.1655087   -9.91039264]]
[[  0.32891173  19.49294985 -64.27445888 109.86072908 -96.30699535
   33.54983746]]
[[   0.46880345   15.31292372  -28.78717945  -19.26674457  131.43871875
  -158.40006394   61.91559545]]
[[ 7.20710621e-01  6.48635399e+00  6.60008710e+01 -4.78629131e+02
   1.28204424e+03 -1.70304899e+03  1.11651370e+03 -2.87429798e+02]]
[[  1.07664123   8.38222055 -14.27620623   7.82122187]]
[[  0.91208178  11.61899475 -28.68816609  30.04732955 -11.00671158]]
[[  0.77644464  15.75139989 -57.13100623 105.34069997 -95.60873897
   33.87656301]]
[[ 5.07345566e-01  2.67017125e+01 -1.60440457e+02  5.02257261e+02
  -8.19551474e+02  6.58761242e+02 -2.05436217e+02]]
[[ 3.05183591e-01  3.66862596e+01 -2.81505915e+02  1.12637703e+03
  -2.44525822e+03  2.90439435e+03 -1.77386582e+03  4.35755525e+02]]
[[  0.86325441  10.001195   -16.32039668   8.30872773]]
[[  0.48785687  15.20092745 -35.95412572  35.79867863 -12.76970654]]
[[  0.74989316  10.56525898 -11.15627478 -20.38324786  43.87351204
  -20.92306372]]
[[ 1.56237760e-01  2.34460649e+01 -1.03949203e+02  2.84539558e+02
  -4.57509859e+02  3.80432315e+02 -1.24445998e+02]]
[[-3.69096509e-01  3.75694291e+01 -2.37673840e+02  8.83023079e+02
  -1.87559570e+03  2.20779621e+03 -1.33344149e+03  3.21386044e+02]]
[[2.46946776]]
[[1.92249637 1.14080408]]
[[ 1.45766605  4.08789661 -2.96193672]]
[[  1.21457865   7.39951902 -11.67802487   5.94190774]]
[[  0.9744708   12.52555032 -35.13268022  42.93646216 -18.7274986 ]]
[[   1.27697083    3.74703368   26.48330872 -124.42128202  173.89102328
   -78.87310227]]
[[    1.66419944   -10.65110018   167.42565845  -686.5918463
   1231.86117411 -1016.45955816   315.42304648]]
[[   1.61997751   -8.5570623   139.54721191 -530.18096691  794.59086189
  -375.3491306  -155.92018148  136.99814881]]
[[   1.63198497   -9.21859444  150.22243165 -605.18747278 1068.49766107
  -935.47031438  490.69205591 -256.553709     98.149833  ]]
[[ 2.08656371e+00 -3.78031321e+01  7.06755765e+02 -5.53307943e+03
   2.45628795e+04 -6.62633380e+04  1.09493436e+05 -1.07625580e+05
   5.75936390e+04 -1.28968793e+04]]
[[ 1.27693685e+00  2.05876998e+01 -6.79412323e+02  9.87553283e+03
  -6.93393093e+04  2.75079658e+05 -6.61965257e+05  9.85227024e+05
  -8.85438279e+05  4.39952491e+05 -9.27341331e+04]]
[[ 1.37710922e+00  8.10403089e+00 -3.19867267e+02  5.04458821e+03
  -3.33691254e+04  1.12564915e+05 -1.93691362e+05  1.06225216e+05
   1.84562414e+05 -3.74072272e+05  2.58814812e+05 -6.57692483e+04]]
[[2.36238732]]
[[1.81655176 1.17388242]]
[[ 1.30100201  4.99877587 -4.15680879]]
[[  1.087966     8.33658174 -13.1975229    6.34453292]]
[[  1.07805989   8.62925555 -14.65084399   8.68911468  -1.19138743]]
[[  1.07740644   8.65970363 -14.88719398   9.34947237  -1.95400901
    0.30986566]]
[[  1.09018733   7.73591646  -4.09091325 -37.40155847  89.93949607
  -83.08440612  28.38913637]]
[[ 1.06273655e+00  1.05777065e+01 -4.95884360e+01  2.37115515e+02
  -7.04141459e+02  1.10168421e+03 -8.50742604e+02  2.56668675e+02]]
[[ 1.02263228e+00  1.66030230e+01 -1.79653939e+02  1.29737450e+03
  -4.95188153e+03  1.03513833e+04 -1.20153782e+04  7.27598143e+03
  -1.79292815e+03]]
[[ 1.07662753e+00  6.50259878e+00  8.51135973e+01 -1.38028460e+03
   8.76269863e+03 -2.94750367e+04  5.63852957e+04 -6.15180680e+04
   3.56397190e+04 -8.50468739e+03]]
[[ 1.05125328e+00  1.27612966e+01 -1.26294895e+02  1.41671665e+03
  -1.01668651e+04  4.43063594e+04 -1.18731636e+05  1.95537248e+05
  -1.92144295e+05  1.03116798e+05 -2.32197344e+04]]
[[ 1.00010350e+00  1.17371821e+01 -5.89599092e+01  2.93395039e+02
  -8.02323363e+02 -1.09081442e+03  1.83954942e+04 -7.05096100e+04
   1.39555666e+05 -1.53768685e+05  8.92354808e+04 -2.12603978e+04]]
[[2.33571271]]
[[1.6952046  1.34059838]]
[[ 1.31047956  4.34447967 -3.01690332]]
[[  1.04940594   8.39928374 -13.39094296   6.7746645 ]]
[[  0.91944049  11.41656834 -28.11943115  30.85787581 -12.38035398]]
[[  0.91187788  11.71574942 -30.61119933  37.88425093 -20.35081688
    3.15007255]]
[[   0.93656578   10.28738514  -13.79788514  -34.77951244  121.57631565
  -124.28927108   42.78734958]]
[[   0.92192719   11.50410364  -33.30063301   84.89384625 -226.30420469
   392.15833306 -336.05350279  108.91488494]]
[[ 9.76224511e-01  3.65191429e+00  1.43783711e+02 -1.41672326e+03
   5.87365560e+03 -1.28496959e+04  1.54300243e+04 -9.60395390e+03
   2.42105768e+03]]
[[ 1.00163894e+00 -1.26500017e+00  2.77408566e+02 -2.82124236e+03
   1.32701717e+04 -3.47182797e+04  5.33710963e+04 -4.79064850e+04
   2.32315080e+04 -4.70116793e+03]]
[[ 9.99349642e-01 -5.30620417e-01  2.51904535e+02 -2.48237525e+03
   1.09910898e+04 -2.59865317e+04  3.31722833e+04 -1.91772423e+04
  -1.34250673e+03  6.89625457e+03 -2.32060296e+03]]
[[ 9.76921228e-01 -2.27663890e+01  1.24356949e+03 -1.86550885e+04
   1.44997277e+05 -6.68062282e+05  1.93663129e+06 -3.62186766e+06
   4.35927341e+06 -3.25895437e+06  1.37611063e+06 -2.50692321e+05]]
[[2.4870249]]
[[1.9264018  1.11673415]]
[[ 1.43679325  4.12205509 -3.0929988 ]]
[[  1.15559587   7.51342515 -11.58684657   5.72252298]]
[[  0.95727056  11.4593389  -29.0274175   32.37917757 -13.13683   ]]
[[  0.90285671  13.44725409 -44.11984617  74.17498577 -60.96128309
   19.23044544]]
[[   0.8541068    17.5287664   -92.30440212  279.83779672 -458.4399615
   374.20191838 -119.03473104]]
[[ 8.24897161e-01  2.43349672e+01 -2.03955993e+02  9.49575240e+02
  -2.37976093e+03  3.21851102e+03 -2.21418628e+03  6.07315883e+02]]
[[ 8.45863958e-01  1.08775475e+01  7.43771887e+01 -1.21806842e+03
   6.04336112e+03 -1.47955348e+04  1.93264228e+04 -1.28848190e+04
   3.44520704e+03]]
[[ 8.46869336e-01  8.34498799e+00  1.38187669e+02 -1.83811659e+03
   9.13459714e+03 -2.36112117e+04  3.42813163e+04 -2.77990869e+04
   1.15140596e+04 -1.82626840e+03]]
[[ 8.52160237e-01 -4.26058743e+01  1.60905618e+03 -1.86819616e+04
   1.11143851e+05 -3.89460235e+05  8.50593567e+05 -1.17259840e+06
   9.92412271e+05 -4.70791122e+05  9.58174115e+04]]
[[ 1.16996141e+00 -3.99623784e+01  1.37970713e+03 -1.54647525e+04
   8.79700618e+04 -2.88374377e+05  5.67470676e+05 -6.52422407e+05
   3.68977084e+05 -1.58456984e+03 -1.05400594e+05  3.74903698e+04]]
[[2.4680355]]
[[2.00078169 0.92270201]]
[[ 1.4820238   4.14169456 -3.28776848]]
[[  1.19099641   7.86994362 -12.87197356   6.54340101]]
[[  1.00727689  12.12714622 -33.2989866   39.71696173 -17.1802404 ]]
[[  0.9788687   13.20767703 -41.60291597  63.30378946 -45.13326685
   11.71263885]]
[[   0.92064327   16.42345242  -76.47097963  209.73410924 -330.75257305
   272.45670121  -90.09994967]]
[[ 1.04742539e+00  7.63372086e+00  4.72188718e+01 -4.97140983e+02
   1.67085346e+03 -2.70250246e+03  2.13212800e+03 -6.57723286e+02]]
[[ 1.13822515e+00  3.81777399e-01  1.73132844e+02 -1.42047011e+03
   5.16880018e+03 -1.01076797e+04  1.09721461e+04 -6.21733744e+03
   1.43194351e+03]]
[[ 9.96469341e-01  1.36153346e+01 -1.21260137e+02  1.39610929e+03
  -8.98696709e+03  3.08376209e+04 -5.95680845e+04  6.52221006e+04
  -3.78072241e+04  9.01625932e+03]]
[[ 7.46443380e-01  3.94878300e+01 -8.18787807e+02  9.56545659e+03
  -6.00299380e+04  2.19085159e+05 -4.89506120e+05  6.79962609e+05
  -5.73253742e+05  2.68713670e+05 -5.37578725e+04]]
[[ 7.91468248e-01  4.58431323e+01 -1.04673207e+03  1.29310670e+04
  -8.66687024e+04  3.45083997e+05 -8.66324277e+05  1.41000611e+06
  -1.48688707e+06  9.81292953e+05 -3.68606698e+05  6.01747201e+04]]
[[2.4705289]]
[[1.93903033 1.1315776 ]]
[[ 1.40806746  4.2884744  -3.18320522]]
[[  1.06962691   8.21064956 -13.2707722    6.93195623]]
[[  0.9936842    9.58782135 -19.29220231  16.18979046  -4.61514883]]
[[  1.06145539   7.87109458  -7.82596777 -14.14111041  29.65034706
  -13.82399916]]
[[   0.97603481   10.64571133  -33.46756727   86.08428499 -158.22203644
   153.21267689  -56.54474614]]
[[ 1.42537512e+00 -7.04775219e+00  1.78845348e+02 -1.04564135e+03
   2.93102593e+03 -4.33762193e+03  3.24736216e+03 -9.66402738e+02]]
[[ 6.33025305e-01  2.98336405e+01 -3.76899458e+02  2.81770013e+03
  -1.14063453e+04  2.58302537e+04 -3.27884519e+04  2.17793195e+04
  -5.88605757e+03]]
[[ 1.42017492e+00 -1.30011795e+01  4.12614081e+02 -4.06897742e+03
   2.15305175e+04 -6.69566342e+04  1.25053362e+05 -1.37418352e+05
   8.16717020e+04 -2.02154566e+04]]
[[ 2.19732223e+00 -6.12191775e+01  1.45256710e+03 -1.48760348e+04
   8.43208813e+04 -2.87605092e+05  6.11936427e+05 -8.15787427e+05
   6.60678102e+05 -2.96483382e+05  5.64224290e+04]]
[[ 2.52343255e+00 -7.81973753e+01  1.84115160e+03 -1.94951813e+04
   1.15926035e+05 -4.21801373e+05  9.81042264e+05 -1.48455668e+06
   1.45285399e+06 -8.86479709e+05  3.07023613e+05 -4.62795228e+04]]
[[2.59678479]]
[[2.19475541 0.71799595]]
[[ 1.75613325  2.92464335 -2.05271546]]
[[ 1.36964079  6.34115397 -9.53199476  4.62613875]]
[[  0.83737007  12.91228335 -33.14923672  36.77959531 -14.70874066]]
[[  0.89658589  11.93611763 -27.9481809   24.98066244  -2.82826657
   -4.37295221]]
[[   1.78993771   -6.3536496   101.63859552 -396.909865    686.05028972
  -552.67812316  169.18412302]]
[[ 7.42492985e-01  1.95136299e+01 -1.30864790e+02  6.14441804e+02
  -1.67373479e+03  2.46447149e+03 -1.82072992e+03  5.28916782e+02]]
[[ 7.98590400e-01  1.79150205e+01 -1.13657256e+02  5.21249164e+02
  -1.39006094e+03  1.95825951e+03 -1.29586800e+03  2.36433821e+02
   6.76875766e+01]]
[[-3.30914175e+00  1.48853196e+02 -1.74155656e+03  1.10548655e+04
  -4.11450167e+04  9.40668470e+04 -1.33933705e+05  1.15869867e+05
  -5.57697734e+04  1.14557057e+04]]
[[ 1.37449915e+01 -4.44217563e+02  6.47668077e+03 -4.98348528e+04
   2.29836227e+05 -6.72242164e+05  1.27526432e+06 -1.56269564e+06
   1.19270269e+06 -5.15293289e+05  9.62193853e+04]]
[[-6.29503843e+01  2.36016062e+03 -3.60972627e+04  3.05048002e+05
  -1.59300219e+06  5.44554978e+06 -1.25313655e+07  1.95400922e+07
  -2.03454038e+07  1.35366438e+07 -5.20136265e+06  8.77602695e+05]]
[[2.45776336]]
[[1.83357275 1.13454474]]
[[ 1.36932355  4.21617167 -2.9871377 ]]
[[  1.01968749   9.49480416 -16.84952313   9.29958812]]
[[  0.91951991  11.88183751 -27.5973492   25.63450215  -7.95691248]]
[[  1.00237213   8.9049432   -5.47640404 -34.69232927  60.06406756
  -26.99151756]]
[[   1.22292346   -1.05020784   94.72165249 -430.73759921  791.26516905
  -660.40890523  207.96026219]]
[[ 1.40073108e+00 -1.13327786e+01  2.39924621e+02 -1.26433199e+03
   3.13062311e+03 -4.06407069e+03  2.67462817e+03 -7.04026045e+02]]
[[ 1.48507944e+00 -1.75647291e+01  3.57164598e+02 -2.16343518e+03
   6.58673258e+03 -1.13488936e+04  1.12288586e+04 -5.95325865e+03
   1.31181511e+03]]
[[ 1.51869937e+00 -2.05782193e+01  4.27068144e+02 -2.83454687e+03
   9.90474147e+03 -2.07022463e+04  2.68587367e+04 -2.12662299e+04
   9.43545603e+03 -1.80105340e+03]]
[[ 1.88189751e+00 -5.93299986e+01  1.52230532e+03 -1.58739871e+04
   9.12639381e+04 -3.16748165e+05  6.88218297e+05 -9.40408377e+05
   7.84010524e+05 -3.64063094e+05  7.21392675e+04]]
[[ 1.85160630e+00 -7.13322429e+01  1.93237644e+03 -2.16585223e+04
   1.34963766e+05 -5.13619322e+05  1.24825098e+06 -1.97192606e+06
   2.01126760e+06 -1.27422777e+06  4.54650549e+05 -6.95609802e+04]]
[[2.51338719]]
[[2.03092288 0.87963107]]
[[ 1.29247429  5.15708026 -4.12642372]]
[[  0.84654947  10.41062477 -16.99402584   8.43188686]]
[[  0.63129239  14.50032975 -34.50328943  34.53117673 -12.59920747]]
[[  0.54183101  17.19522415 -53.37807581  84.46489982 -67.97934224
   21.76645985]]
[[   0.47371536   19.83554984  -77.96158483  176.78326809 -232.02344157
   159.67529476  -44.19252027]]
[[ 5.86629267e-01  1.45492326e+01 -1.30846820e+01 -1.64843503e+02
   6.75657055e+02 -1.11448143e+03  8.56961171e+02 -2.52785940e+02]]
[[ 8.02453424e-01  1.91851446e+00  1.94335415e+02 -1.63845791e+03
   6.05669925e+03 -1.20213731e+04  1.32624425e+04 -7.66288895e+03
   1.80912202e+03]]
[[ 9.14415262e-01 -5.55556719e+00  3.39855156e+02 -2.89090583e+03
   1.17817313e+04 -2.72112967e+04  3.74387517e+04 -3.04147425e+04
   1.34757112e+04 -2.51187431e+03]]
[[ 1.96092970e+00 -8.22056035e+01  2.09427103e+03 -2.12570448e+04
   1.16880960e+05 -3.86553314e+05  8.03150300e+05 -1.05557688e+06
   8.51459457e+05 -3.84538545e+05  7.44236889e+04]]
[[ 2.20480154e+00 -8.60508097e+01  2.19392430e+03 -2.24954097e+04
   1.25231829e+05 -4.20719691e+05  8.92677257e+05 -1.20908514e+06
   1.02285640e+06 -5.04589961e+05  1.22323308e+05 -8.30584545e+03]]
[[2.55804149]]
[[2.06876775 0.9059495 ]]
[[ 1.54863674  4.00261545 -2.98863876]]
[[  1.11892219   8.65541435 -14.32627389   7.48989349]]
[[  1.03556022  10.5334299  -23.39010135  21.88942735  -7.22814146]]
[[  1.12132555   7.70487186  -3.9431682  -28.32131679  47.54878088
  -21.34474346]]
[[   1.34851112   -1.78898555   85.08188324 -369.1199053   664.61017504
  -548.36506266  171.14224815]]
[[ 1.79206589e+00 -2.38043302e+01  3.54258158e+02 -1.77251992e+03
   4.34356433e+03 -5.64042218e+03  3.72516947e+03 -9.85304019e+02]]
[[ 2.15825671e+00 -4.47547600e+01  6.80019236e+02 -4.00780064e+03
   1.23868563e+04 -2.18961024e+04  2.22773582e+04 -1.21414469e+04
   2.74658916e+03]]
[[ 2.43493777e+00 -6.27208064e+01  1.02251719e+03 -6.94499814e+03
   2.59123310e+04 -5.81832242e+04  8.07102118e+04 -6.77516196e+04
   3.15646740e+04 -6.26681306e+03]]
[[ 2.30753828e+00 -5.36167934e+01  8.16338283e+02 -4.77937670e+03
   1.33614610e+04 -1.44710375e+04 -1.44755971e+04  6.26799371e+04
  -7.76167340e+04  4.47043221e+04 -1.01652644e+04]]
[[ 3.20678427e+00 -9.76731403e+01  1.96386549e+03 -1.96627194e+04
   1.20683285e+05 -4.83666775e+05  1.29185897e+06 -2.30357961e+06
   2.69948468e+06 -1.99149610e+06  8.37416751e+05 -1.52905414e+05]]
[[2.4587002]]
[[1.9068146  1.13984717]]
[[ 1.43792327  4.13008106 -3.11764866]]
[[  1.18004809   7.51628457 -11.780949     5.86211583]]
[[  0.95164734  12.33124339 -33.55628439  39.84326231 -17.05350824]]
[[  1.08823588   8.08549649  -2.50666635 -46.41236986  83.61434542
  -41.58781074]]
[[   0.88422609   17.27958945 -100.59708888  360.97034867 -700.40372338
   663.30158271 -239.56534272]]
[[ 6.37043867e-01  3.27922717e+01 -3.27549644e+02  1.69161757e+03
  -4.52097060e+03  6.37423537e+03 -4.50478563e+03  1.25667056e+03]]
[[ 8.12635797e-01  1.89165048e+01 -7.26010929e+01 -2.42144356e+02
   2.94155703e+03 -9.57630410e+03  1.46148422e+04 -1.07725725e+04
   3.09084426e+03]]
[[ 9.21086156e-01  7.22950651e+00  2.13011249e+02 -3.13330811e+03
   1.79543221e+04 -5.38044931e+04  9.15236484e+04 -8.89189488e+04
   4.59755851e+04 -9.81528855e+03]]
[[ 8.39070535e-01  1.67117294e+01 -5.02429030e+01 -5.51020747e+01
  -9.37517927e+02  1.40956796e+04 -5.90734118e+04  1.19923936e+05
  -1.30433306e+05  7.32016419e+04 -1.66868628e+04]]
[[ 1.29728184e+00 -5.36164962e+01  2.14220481e+03 -2.94472113e+04
   2.12663318e+05 -9.24026800e+05  2.57134141e+06 -4.69574222e+06
   5.60043541e+06 -4.19832416e+06  1.79410942e+06 -3.33098908e+05]]
[[2.41200376]]
[[1.89699178 1.05343359]]
[[ 1.26641477  4.84861974 -3.77919176]]
[[  0.75439196  10.20183651 -16.69459969   8.53139562]]
[[  0.56399078  13.31044802 -30.35827621  29.98580379 -10.93019571]]
[[   0.22553857   21.14493163  -81.81781946  164.39937028 -161.6160738
    60.63150624]]
[[ 1.20461735e+00 -7.11855624e+00  1.64198790e+02 -7.60981204e+02
   1.52717157e+03 -1.41238844e+03  4.91971476e+02]]
[[ 1.33228572e+00 -1.15596648e+01  2.14125337e+02 -1.01798167e+03
   2.21312788e+03 -2.39361421e+03  1.20509198e+03 -2.06642125e+02]]
[[ 2.80558602e-01  3.18268086e+01 -3.94676647e+02  3.02193203e+03
  -1.22426653e+04  2.70894612e+04 -3.30596594e+04  2.09019401e+04
  -5.34622176e+03]]
[[ 5.84274741e-01  1.76629570e+01 -1.61127934e+02  1.14409230e+03
  -3.80969693e+03  4.51538759e+03  3.73362675e+03 -1.48716030e+04
   1.37106472e+04 -4.27784078e+03]]
[[ 2.83718954e+00 -9.88404263e+01  2.03798585e+03 -1.97288208e+04
   1.10212217e+05 -3.79221088e+05  8.24463093e+05 -1.13222759e+06
   9.50853732e+05 -4.45451529e+05  8.91635074e+04]]
[[ 2.03968724e+00 -6.59811527e+01  1.36241583e+03 -1.21846058e+04
   6.04873771e+04 -1.72728565e+05  2.64164205e+05 -1.25591276e+05
  -2.35359175e+05  4.35417605e+05 -2.84505404e+05  6.90077887e+04]]
[[2.53771886]]
[[1.92306665 1.12616721]]
[[ 1.29231494  4.71285617 -3.44809961]]
[[  0.91025749  10.0118581  -16.85933173   8.82264992]]
[[  0.3752264   22.00125432 -68.75279362  86.25421191 -37.33045746]]
[[  0.35186042  22.72769445 -73.65174657  98.87011249 -51.08899794
    5.35016794]]
[[  0.38764229  21.30911807 -60.12504677  47.02279615  42.66730899
  -74.62388137  25.93467155]]
[[ 4.52490886e-01  1.82949436e+01 -2.33570312e+01 -1.42092791e+02
   5.32046700e+02 -7.45328001e+02  4.90696177e+02 -1.28154888e+02]]
[[ 9.06271123e-01 -5.83361661e+00  3.44329554e+02 -2.61213606e+03
   9.22876679e+03 -1.79738170e+04  1.98076905e+04 -1.15629543e+04
   2.77568004e+03]]
[[ 1.38947286e+00 -3.64476060e+01  9.48000667e+02 -7.95391298e+03
   3.43377317e+04 -8.62472117e+04  1.30742581e+05 -1.17775433e+05
   5.80222870e+04 -1.20364218e+04]]
[[ 1.56761331e+00 -4.94664757e+01  1.25911781e+03 -1.13152677e+04
   5.39059100e+04 -1.53782822e+05  2.75507474e+05 -3.12486693e+05
   2.17855035e+05 -8.52074162e+04  1.43151329e+04]]
[[ 1.68273432e+00 -5.11721180e+01  1.31494558e+03 -1.20923116e+04
   5.95996226e+04 -1.78732109e+05  3.44824565e+05 -4.37576789e+05
   3.64009494e+05 -1.91839967e+05  5.84619552e+04 -7.91727466e+03]]
[[2.51262544]]
[[1.88269176 1.12569377]]
[[ 1.33294006  4.60479652 -3.36821617]]
[[ 1.18163148  6.54135981 -8.07854883  3.02997011]]
[[  1.0608228    8.82008372 -17.73266149  17.32628243  -6.86414661]]
[[ 1.11077996  7.59570362 -9.97334961 -1.97903714 13.70560048 -7.86725441]]
[[  1.16622183   5.94327242   4.25973238 -53.78681498 104.32388526
  -83.31070373  24.00945701]]
[[ 7.26058800e-01  2.25137734e+01 -1.92525774e+02  9.69191198e+02
  -2.58051967e+03  3.63711870e+03 -2.57306381e+03  7.19243868e+02]]
[[ 2.84286577e-01  4.34119147e+01 -5.14390169e+02  3.17136883e+03
  -1.04310293e+04  1.93014682e+04 -2.02028697e+04  1.11729399e+04
  -2.53855890e+03]]
[[ 3.08509202e-01  4.20813129e+01 -4.90065658e+02  2.96804130e+03
  -9.51490482e+03  1.68887370e+04 -1.63776989e+04  7.58036501e+03
  -6.98111715e+02 -3.96129311e+02]]
[[-5.70179660e-01  9.62135344e+01 -1.60914288e+03  1.38991827e+04
  -6.88132821e+04  2.11049395e+05 -4.15556885e+05  5.26190037e+05
  -4.13929780e+05  1.83906354e+05 -3.52289164e+04]]
[[ 2.33449330e+00 -4.29413594e+01  1.43186030e+03 -1.99126405e+04
   1.47284599e+05 -6.47664091e+05  1.79895848e+06 -3.24233092e+06
   3.78546644e+06 -2.76280737e+06  1.14561210e+06 -2.05995325e+05]]
[[2.41019836]]
[[1.89330414 1.16743409]]
[[ 1.24994212  5.01459011 -3.84265953]]
[[  0.83920888   9.61714199 -15.3582366    7.66908935]]
[[  0.66571535  12.981413   -31.39985008  34.13341861 -13.85344907]]
[[  0.81431966   8.33675039   2.95694706 -61.89542395  98.74890726
  -46.71789874]]
[[ 1.11401012e+00 -6.47705965e+00  1.60998194e+02 -7.25071702e+02
   1.39167085e+03 -1.22199942e+03  4.02725951e+02]]
[[   1.07699182   -3.87691625  124.0776174  -512.22202051  786.1509337
  -321.87670558 -266.83247774  196.57718866]]
[[ 1.16307758e+00 -1.19298868e+01  2.71477619e+02 -1.62993268e+03
   5.11609964e+03 -9.61710947e+03  1.09096836e+04 -6.84410761e+03
   1.80807468e+03]]
[[ 1.06303432e+00 -5.35361855e-01  1.71289340e+01  7.60773195e+02
  -6.66472562e+03  2.38324694e+04 -4.57355580e+04  4.95993979e+04
  -2.87094212e+04  6.90322461e+03]]
[[ 1.45664394e+00 -4.83012517e+01  1.23228412e+03 -1.26518361e+04
   7.33389248e+04 -2.60793798e+05  5.85787391e+05 -8.31650636e+05
   7.22580729e+05 -3.50391824e+05  7.26009470e+04]]
[[ 2.03468738e+00 -1.45113445e+02  4.04272248e+03 -4.86115945e+04
   3.27840447e+05 -1.36154370e+06  3.64327438e+06 -6.39452899e+06
   7.31342145e+06 -5.24615877e+06  2.14216077e+06 -3.79751174e+05]]
[[2.40741248]]
[[1.80196207 1.18535774]]
[[ 1.34361896  4.25991128 -3.16432357]]
[[  1.11284114   7.83744086 -12.63046757   6.46853058]]
[[  1.06830576   9.16753876 -19.17932396  17.04834014  -5.40310523]]
[[  1.02477378  11.46339455 -37.19044193  67.00968877 -62.50068973
   22.98468614]]
[[   0.98685586   14.42762165  -69.99385302  202.33761654 -318.98113666
   249.38692368  -75.44500111]]
[[ 9.52116062e-01  1.85465157e+01 -1.35627326e+02  5.95963954e+02
  -1.44762661e+03  1.91470793e+03 -1.29576982e+03  3.51651992e+02]]
[[ 9.49663662e-01  1.89416620e+01 -1.43784416e+02  6.59761827e+02
  -1.69423662e+03  2.43604585e+03 -1.90989329e+03  7.30011423e+02
  -9.50033528e+01]]
[[ 9.47147282e-01  1.94626125e+01 -1.57420666e+02  7.96899768e+02
  -2.39191706e+03  4.44521970e+03 -5.32658574e+03  4.12847799e+03
  -1.92244043e+03  4.10157330e+02]]
[[ 8.84534610e-01  3.46545410e+01 -6.52554126e+02  7.05404608e+03
  -4.28750030e+04  1.55846728e+05 -3.51631759e+05  4.96035170e+05
  -4.25206750e+05  2.02425333e+05 -4.10282304e+04]]
[[ 9.49518305e-01  2.35298957e+01 -2.07483266e+02 -8.41865104e+01
   1.55364538e+04 -1.21763085e+05  4.68905454e+05 -1.05958067e+06
   1.46821995e+06 -1.22826301e+06  5.69861616e+05 -1.12647115e+05]]
[[2.46345531]]
[[1.90913922 1.27819782]]
[[ 1.44311999  4.10708269 -2.85461234]]
[[  1.04246162   8.61379874 -14.19569895   7.59783797]]
[[  0.96978262   9.94687019 -20.18534272  16.96414696  -4.6938887 ]]
[[  1.04499329   7.97223875  -6.69547616 -19.13912373  36.34750719
  -16.59016068]]
[[   0.86391573   14.62628839  -71.83015356  242.50412544 -458.76075385
   423.12175791 -147.73650262]]
[[ 9.79841253e-01  9.17515091e+00 -1.36715883e+00 -1.48013603e+02
   6.30623518e+02 -1.17859254e+03  1.03560372e+03 -3.45756473e+02]]
[[ 8.02793653e-01  1.98238692e+01 -1.81751796e+02  1.18983683e+03
  -4.52165421e+03  9.88190882e+03 -1.22960757e+04  8.08251384e+03
  -2.17308811e+03]]
[[ 1.80047614e-01  6.26170752e+01 -1.03356854e+03  8.81812269e+03
  -4.12158883e+04  1.12868858e+05 -1.86005218e+05  1.81342965e+05
  -9.62575377e+04  2.14230790e+04]]
[[-3.85695012e-01  1.05790157e+02 -2.02321011e+03  1.93370821e+04
  -1.02961481e+05  3.30864595e+05 -6.67587751e+05  8.51280609e+05
  -6.65904655e+05  2.91688206e+05 -5.47961477e+04]]
[[ 6.53248002e-01  1.64223461e+01  3.14869348e+02 -9.77329432e+03
   1.01202348e+05 -5.48142330e+05  1.76424179e+06 -3.55293849e+06
   4.52349817e+06 -3.53839752e+06  1.55258203e+06 -2.92602768e+05]]
[[2.62314424]]
[[2.25458668 0.62335759]]
[[ 1.67995536  3.3236083  -2.39131172]]
[[  0.78164515  10.92264905 -18.73957282   9.96151894]]
[[  0.0862671   20.42649084 -54.93317926  60.68109788 -23.50814323]]
[[  0.47141343  12.70932778  -9.64016714 -48.67623285  91.66174488
  -43.86850073]]
[[   0.69650875    7.07808648   33.88536233 -197.55210155  342.83792513
  -248.73796456   64.49062889]]
[[ 1.14032242e+00 -5.88612366e+00  1.58908674e+02 -7.62745340e+02
   1.69579921e+03 -2.01209353e+03  1.24574668e+03 -3.18227994e+02]]
[[ 2.08323834e+00 -3.66191193e+01  5.08690046e+02 -2.71199166e+03
   7.73405378e+03 -1.29203890e+04  1.26640614e+04 -6.73207223e+03
   1.49488954e+03]]
[[-5.15476236e+00  2.19613751e+02 -2.80607214e+03  1.90666936e+04
  -7.48979926e+04  1.78733606e+05 -2.63111339e+05  2.33335324e+05
  -1.14240089e+05  2.37083295e+04]]
[[ 5.20644425e+00 -1.69158147e+02  2.74262768e+03 -2.23981611e+04
   1.09807597e+05 -3.42956977e+05  6.95084902e+05 -9.07545208e+05
   7.34814603e+05 -3.35080494e+05  6.56980565e+04]]
[[ 7.06081092e+01 -3.50734819e+03  5.74912276e+04 -4.99031614e+05
   2.64647473e+06 -9.12362381e+06  2.10551407e+07 -3.27761572e+07
   3.39507912e+07 -2.24133786e+07  8.52893921e+06 -1.42321381e+06]]
[[2.53222054]]
[[2.0042496  1.00196401]]
[[ 1.60921988  3.3982853  -2.42178983]]
[[  1.34485855   6.58916169 -10.26863523   5.19189343]]
[[  1.25093653   8.83904005 -21.0672585   22.46204691  -8.75539146]]
[[  1.18267711  12.28580133 -47.97504757  96.57422243 -92.89110411
   33.66000632]]
[[   1.16473637   13.72768648  -63.96920396  163.8511651  -223.66130922
   152.17338191  -40.50055689]]
[[ 1.13817288e+00  1.71309763e+01 -1.16834785e+02  4.78186099e+02
  -1.12364908e+03  1.48435351e+03 -1.02331145e+03  2.85887100e+02]]
[[ 1.06387536e+00  3.21839621e+01 -4.33582421e+02  3.01402395e+03
  -1.11804042e+04  2.32896680e+04 -2.73354387e+04  1.68690741e+04
  -4.25430515e+03]]
[[ 1.07852687e+00  2.68995989e+01 -2.84164291e+02  1.44320445e+03
  -2.91039150e+03 -1.22854103e+03  1.54608162e+04 -2.67449838e+04
   1.97457759e+04 -5.50771545e+03]]
[[ 1.10736184e+00  6.36844583e+00  4.56631393e+02 -8.22742300e+03
   6.06256420e+04 -2.41084457e+05  5.67956176e+05 -8.16392730e+05
   7.03361939e+05 -3.33832026e+05  6.71319136e+04]]
[[ 1.12505502e+00 -9.27434335e-01  7.73125008e+02 -1.31627729e+04
   9.99232840e+04 -4.24571943e+05  1.10515422e+06 -1.83138043e+06
   1.94005895e+06 -1.27230574e+06  4.70525500e+05 -7.50117054e+04]]
[[2.47733306]]
[[1.90323048 1.02964051]]
[[ 1.37734429  4.22824127 -3.10753079]]
[[ 1.20059897  6.72422222 -9.39442719  4.12575611]]
[[  1.11800293   8.65607901 -18.19101126  17.77833733  -6.78995646]]
[[  1.16346328   6.47274757   0.1251247  -35.29747304  55.61107968
  -25.60881376]]
[[  1.15829556   6.92228119  -5.07248968 -14.09728951  16.4941967
    7.90288387 -10.84969896]]
[[   1.18109556    4.27305934   34.54487523 -240.82348184  646.88092046
  -903.06603504  646.77610275 -187.35349521]]
[[ 1.09867777e+00  1.93966782e+01 -2.95928706e+02  2.50257267e+03
  -1.03476311e+04  2.27819068e+04 -2.74836379e+04  1.71758681e+04
  -4.35151300e+03]]
[[ 1.05656002e+00  3.13218931e+01 -6.34081717e+02  6.03795404e+03
  -2.84435953e+04  7.44090344e+04 -1.13901420e+05  1.01595634e+05
  -4.89203533e+04  9.82675262e+03]]
[[ 1.09234984e+00  1.75780687e+01 -1.56771187e+02 -1.20001554e+02
   1.15633647e+04 -7.46769089e+04  2.24576976e+05 -3.74695888e+05
   3.56714972e+05 -1.81706303e+05  3.84844408e+04]]
[[ 1.11434319e+00  3.74567688e+00  4.07685169e+02 -9.51656754e+03
   9.04379422e+04 -4.53555625e+05  1.34442789e+06 -2.48337863e+06
   2.89543220e+06 -2.07458170e+06  8.34962229e+05 -1.44638028e+05]]
[[2.33693993]]
[[1.72241651 1.36204071]]
[[ 1.19568662  5.08171371 -3.88990614]]
[[  1.02187663   7.79447775 -11.19067719   5.0053903 ]]
[[  1.01196289   8.04723489 -12.41814108   7.00502981  -1.03148717]]
[[   1.16983554    2.34104097   30.08955532 -110.1201626   133.5668071
   -54.68540809]]
[[   1.37950929   -7.27732624  129.25829776 -513.5002944   899.33971786
  -735.34313179  228.80455057]]
[[   1.38147449   -7.3956526   131.00479517 -523.90425544  929.5207096
  -780.6578932   262.64249258   -9.93460676]]
[[ 1.51937859e+00 -1.75322993e+01  3.20155765e+02 -1.96630604e+03
   6.47188824e+03 -1.25110872e+04  1.41430473e+04 -8.61540841e+03
   2.17666289e+03]]
[[ 1.67910892e+00 -3.18189069e+01  6.54777078e+02 -5.23520565e+03
   2.29672276e+04 -5.99661718e+04  9.49670195e+04 -8.91920894e+04
   4.56048127e+04 -9.76761930e+03]]
[[ 1.94489093e+00 -5.82937756e+01  1.37422385e+03 -1.36344373e+04
   7.49597450e+04 -2.49190506e+05  5.20254480e+05 -6.86322484e+05
   5.55452754e+05 -2.51817745e+05  4.89834885e+04]]
[[ 1.80277408e+00 -4.84814427e+01  1.07637566e+03 -9.43105730e+03
   4.27072537e+04 -1.00829752e+05  8.84952884e+04  1.27530236e+05
  -4.35132601e+05  4.99263615e+05 -2.73496583e+05  5.98672703e+04]]
[[2.4334856]]
[[1.77070477 1.33454851]]
[[ 1.19766535  5.3825768  -4.29080207]]
[[  0.82877649  10.42539753 -17.29630334   8.89484689]]
[[  0.52231977  17.251517   -49.53040628  60.4506056  -26.35262507]]
[[   0.32216109   23.76887308  -98.23706432  196.87001011 -186.28053001
    66.37382015]]
[[   0.37561427   21.26295052  -70.54346948   77.69077915   50.49093579
  -152.62210023   76.37255227]]
[[ 5.14096708e-01  1.31516399e+01  4.57597836e+01 -6.05822908e+02
   2.03699760e+03 -3.17536749e+03  2.38291388e+03 -6.95990484e+02]]
[[ 4.06478177e-01  2.16593775e+01 -1.20785122e+02  7.39281619e+02
  -3.41691170e+03  8.92108970e+03 -1.25277062e+04  8.89332823e+03
  -2.50917964e+03]]
[[ 5.74874628e-01  5.07450205e+00  2.79493834e+02 -3.27947593e+03
   1.73499005e+04 -5.22125170e+04  9.41221547e+04 -1.00193096e+05
   5.79163648e+04 -1.39891981e+04]]
[[ 5.10081512e-01  1.30226271e+01  5.05192250e+01 -4.78672585e+02
  -7.44990244e+02  1.63197267e+04 -6.57529256e+04  1.32321189e+05
  -1.47416811e+05  8.67362956e+04 -2.10496821e+04]]
[[ 3.90029637e-01  3.14241994e+01 -5.62087546e+02  8.39461968e+03
  -6.99989837e+04  3.39768841e+05 -1.02145764e+06  1.96275945e+06
  -2.41376711e+06  1.83704395e+06 -7.87524668e+05  1.45312664e+05]]
[[2.39217796]]
[[1.73435917 1.17481768]]
[[ 1.08730706  5.31152313 -4.01451076]]
[[ 0.98358651  6.84248038 -7.90741792  2.55806338]]
[[  1.07455461   4.79141282   1.02514564 -10.77152107   6.41668765]]
[[  1.16226121   2.171102    18.66538928 -56.17190018  55.87972089
  -19.21775534]]
[[   1.42700796   -7.71722709  112.94902765 -419.30976625  715.1239374
  -583.16251622  183.30138749]]
[[ 1.06946849e+00  8.53053918e+00 -9.25976666e+01  6.66855939e+02
  -2.14193510e+03  3.36756668e+03 -2.56572315e+03  7.58946496e+02]]
[[ 1.59202960e+00 -1.87501853e+01  3.30725669e+02 -2.19702125e+03
   7.94314631e+03 -1.65473582e+04  1.96562236e+04 -1.23229853e+04
   3.15722491e+03]]
[[ 1.49657069e+00 -1.26741826e+01  2.08028478e+02 -1.08615279e+03
   2.62326674e+03 -1.87822140e+03 -4.41892070e+03  1.08864179e+04
  -8.96979994e+03  2.64937012e+03]]
[[ 1.33589809e+00 -8.03468323e-01 -8.35280425e+01  2.14853647e+03
  -1.65366225e+04  6.48879670e+04 -1.48147585e+05  2.04342045e+05
  -1.67516088e+05  7.50061862e+04 -1.40986487e+04]]
[[ 7.23268744e-01  5.39460787e+01 -1.61421043e+03  2.18183752e+04
  -1.54842043e+05  6.52335180e+05 -1.73849296e+06  3.01185702e+06
  -3.38669549e+06  2.38599964e+06 -9.57563276e+05  1.67146055e+05]]
[[2.50803132]]
[[2.07840273 0.78619649]]
[[ 1.31463485  4.94514675 -4.0402956 ]]
[[  0.75609945  10.76488092 -18.00719453   9.22863747]]
[[  0.77961447  10.3666474  -16.30227395   6.61948472   1.30424514]]
[[  0.58830385  14.77867039 -43.92134695  76.132184   -74.55483147
   29.92395423]]
[[  0.59601151  14.56029927 -42.09267165  69.47772742 -62.73429852
   19.83999784   3.30604939]]
[[ 8.45300793e-01  5.68415165e+00  5.89649400e+01 -4.50123002e+02
   1.31270821e+03 -1.92483548e+03  1.39809264e+03 -3.98637370e+02]]
[[ 1.27117120e+00 -1.26133032e+01  3.20684072e+02 -2.18022160e+03
   7.42563987e+03 -1.42044623e+04  1.54510475e+04 -8.92805876e+03
   2.12988402e+03]]
[[ 3.37780825e+00 -1.13945257e+02  1.99613031e+03 -1.53890403e+04
   6.50774083e+04 -1.63807333e+05  2.51812002e+05 -2.31911243e+05
   1.17543166e+05 -2.52089327e+04]]
[[ 2.09644847e+00 -4.40477406e+01  7.16254193e+02 -3.84449108e+03
   5.38126576e+03  2.68281305e+04 -1.36824140e+05  2.74846771e+05
  -2.91351519e+05  1.60695791e+05 -3.64053593e+04]]
[[ 1.08238237e+00 -7.85761534e+00  1.24375089e+02  1.96248972e+03
  -2.95936529e+04  1.61793187e+05 -4.80953159e+05  8.61003326e+05
  -9.51002063e+05  6.31341628e+05 -2.29186756e+05  3.45183017e+04]]
[[2.33071571]]
[[1.53747984 1.81643062]]
[[ 1.12372657  5.46383046 -4.20031267]]
[[  0.85912781   9.75367743 -16.00884366   8.49846586]]
[[  0.67333398  14.03140393 -37.08533706  43.9771794  -19.14730807]]
[[  0.71993783  12.60209681 -26.06766048  11.90358342  20.04930815
  -16.99935527]]
[[   0.74323508   11.65290006  -15.49359009  -34.56938575  114.6927103
  -106.94634972   32.30014933]]
[[ 8.68798011e-01  5.42931500e+00  7.34794654e+01 -5.65269245e+02
   1.68456718e+03 -2.54115010e+03  1.92711436e+03 -5.83984318e+02]]
[[ 8.80287728e-01  4.78177008e+00  8.45692684e+01 -6.48910608e+02
   2.01307113e+03 -3.26348481e+03  2.82331932e+03 -1.17000769e+03
   1.56982114e+02]]
[[ 3.57550262e-01  3.90430334e+01 -6.43045840e+02  6.46826132e+03
  -3.52723268e+04  1.09835718e+05 -2.01916254e+05  2.16839147e+05
  -1.25757198e+05  3.04201949e+04]]
[[-6.14736121e-02  7.03439117e+01 -1.43023218e+03  1.57706751e+04
  -9.51656883e+04  3.38710216e+05 -7.44309695e+05  1.02193611e+06
  -8.54019064e+05  3.97417045e+05 -7.89785509e+04]]
[[-1.38892618e-01  8.35364839e+01 -1.86247923e+03  2.17135276e+04
  -1.39974418e+05  5.44217399e+05 -1.34769539e+06  2.18028952e+06
  -2.30095908e+06  1.53046009e+06 -5.84047735e+05  9.77821027e+04]]
[[2.48774165]]
[[1.9833446  0.95175301]]
[[ 1.32737711  5.04078839 -4.20368143]]
[[  0.97498554  10.63484767 -19.36457327  10.62901728]]
[[  0.87046474  13.16643801 -30.89554003  28.80315286  -9.29369306]]
[[  0.90322416  12.02666839 -22.26786495   4.34480707  19.74757745
  -12.22356276]]
[[   0.97027299    8.66828756   16.29582014 -163.65323538  356.6876608
  -327.24802112  111.25736895]]
[[   0.95972279    9.36488579    5.6785858  -100.50627377  173.77813911
   -51.05485773  -97.80482917   62.65621489]]
[[ 8.36682824e-01  1.95146273e+01 -1.90836657e+02  1.43993162e+03
  -5.91706372e+03  1.32397755e+04 -1.63377728e+04  1.04734045e+04
  -2.72616755e+03]]
[[ 1.01673740e+00  1.56704510e+00  2.47104417e+02 -3.05040396e+03
   1.78933789e+04 -5.88436361e+04  1.13088938e+05 -1.25783006e+05
   7.49276157e+04 -1.84857967e+04]]
[[ 8.47302683e-01  2.12114928e+01 -3.35457118e+02  4.32131026e+03
  -3.09124376e+04  1.29459928e+05 -3.33354403e+05  5.33820879e+05
  -5.17116114e+05  2.76944554e+05 -6.28601620e+04]]
[[ 1.12732645e+00  4.25268631e+01 -1.20607508e+03  1.73323958e+04
  -1.33749194e+05  6.12453198e+05 -1.76417861e+06  3.27867820e+06
  -3.92108791e+06  2.91112091e+06 -1.21938952e+06  2.19979084e+05]]
[[2.46350693]]
[[1.84955295 1.14609889]]
[[ 1.35130137  4.18030546 -2.95902653]]
[[  0.85818671  10.17430964 -17.71354152   9.66209404]]
[[  0.85282101  10.28359922 -18.19633541  10.39126819  -0.35361271]]
[[  1.00959818   5.01223863  20.5338511  -95.08943534 118.98978623
  -47.58831282]]
[[   1.02664892    4.16424383   29.36365814 -130.61370432  185.2028735
  -105.26192856   18.99679001]]
[[ 1.07385059e+00  9.54697582e-01  7.39876266e+01 -3.78795082e+02
   8.62104976e+02 -1.06770721e+03  7.03767841e+02 -1.92530832e+02]]
[[ 1.04675858e+00  3.09973546e+00  3.79889036e+01 -1.26691632e+02
  -4.59464721e+01  7.57167818e+02 -1.36305772e+03  1.04043016e+03
  -3.01190134e+02]]
[[ 1.02361440e+00  5.23420739e+00 -6.79720079e+00  2.78877057e+02
  -1.98273851e+03  6.08998316e+03 -1.01141208e+04  9.48307094e+03
  -4.71837720e+03  9.66697572e+02]]
[[ 8.53632204e-01  2.34544642e+01 -5.11657885e+02  6.26901805e+03
  -3.93305142e+04  1.41924084e+05 -3.13403803e+05  4.30730559e+05
  -3.59446861e+05  1.66712851e+05 -3.29651685e+04]]
[[ 1.04157642e+00  1.53311944e+01 -2.91724754e+02  3.24231592e+03
  -1.68265443e+04  4.22529956e+04 -3.45960345e+04 -7.47703730e+04
   2.33354365e+05 -2.67205599e+05  1.47249139e+05 -3.24221737e+04]]
[[2.41236051]]
[[1.74679324 1.47297674]]
[[ 1.29877934  4.48298693 -3.17945611]]
[[  1.03234576   8.3606635  -13.33798825   6.87045314]]
[[  0.99764305   9.18972668 -17.2836046   13.23593656  -3.26014636]]
[[  1.08355722   6.03118553   6.63853581 -53.07837412  73.02968673
  -30.93610068]]
[[   1.25683499   -2.55476747   97.57327224 -427.28723651  788.28851217
  -669.63844178  215.35076416]]
[[ 1.40300683e+00 -1.17745043e+01  2.27551441e+02 -1.16617424e+03
   2.84810207e+03 -3.66142742e+03  2.38813998e+03 -6.22987165e+02]]
[[ 1.37739690e+00 -9.79978495e+00  1.91946872e+02 -9.00952109e+02
   1.84616893e+03 -1.57151946e+03 -5.02551965e+01  8.67233224e+02
  -3.71385194e+02]]
[[ 1.62530061e+00 -3.17620105e+01  6.73566405e+02 -5.40862943e+03
   2.39501819e+04 -6.39322547e+04  1.04752565e+05 -1.02660063e+05
   5.50656998e+04 -1.24083010e+04]]
[[ 1.47512763e+00 -1.70321270e+01  2.89188777e+02 -9.77145190e+02
  -3.53145396e+03  3.69420286e+04 -1.24586712e+05  2.23432285e+05
  -2.26933317e+05  1.23133098e+05 -2.77499726e+04]]
[[ 1.25516527e+00  2.62041050e+00 -3.51006736e+02  8.41481161e+03
  -7.76712823e+04  3.85599812e+05 -1.15765418e+06  2.20083216e+06
  -2.66675502e+06  1.99622556e+06 -8.41318373e+05  1.52676485e+05]]
[[2.51062582]]
[[2.02575904 0.85973392]]
[[ 1.53054663  3.60130064 -2.56384873]]
[[  1.02534769   9.16295538 -15.96221057   8.68485385]]
[[  1.014395     9.42338824 -17.21355974  10.67874044  -1.00461556]]
[[  0.94520813  12.44457091 -39.34971964  69.67410704 -66.64445333
   25.91742939]]
[[   0.97446642    9.19697915   -0.60935001  -99.04834644  264.77898011
  -273.4325833   101.22827916]]
[[   0.97792639    8.23385617   14.497962   -185.87253547  503.63340653
  -613.53990774  343.19656457  -68.05553909]]
[[ 9.75194612e-01  1.10439204e+01 -4.28296416e+01  2.52409221e+02
  -1.16622903e+03  2.87758898e+03 -3.72593759e+03  2.41161142e+03
  -6.15598631e+02]]
[[ 9.65747417e-01  5.30660009e+01 -1.04371492e+03  9.39359174e+03
  -4.40808674e+04  1.18367578e+05 -1.89016918e+05  1.77593550e+05
  -9.06914084e+04  1.94274510e+04]]
[[ 9.44844777e-01  8.09143189e+01 -1.79003043e+03  1.73540984e+04
  -8.92485929e+04  2.70880368e+05 -5.10519781e+05  6.04648469e+05
  -4.37984830e+05  1.77312260e+05 -3.07306447e+04]]
[[ 8.89243826e-01  5.41088897e+01 -9.25412075e+02  6.59821291e+03
  -1.69982542e+04 -2.43385286e+04  2.64112471e+05 -7.28415424e+05
   1.05845791e+06 -8.77884682e+05  3.93531473e+05 -7.41896043e+04]]
[[2.45592388]]
[[1.94794978 1.12588291]]
[[ 1.26306147  5.18761372 -4.25827803]]
[[  0.99970148   8.4755283  -12.66918519   5.67340721]]
[[  0.9589392    9.32969598 -16.62938739  12.04888103  -3.28021795]]
[[  0.84207062  12.72065316 -39.95706337  74.25537158 -73.95208015
   28.65864658]]
[[   1.01753335    5.73812025   29.60750742 -205.85059566  456.05132808
  -441.72771115  157.91068959]]
[[ 6.28850385e-01  2.41886069e+01 -2.01885631e+02  1.02604384e+03
  -2.84730758e+03  4.24918247e+03 -3.20583737e+03  9.58029665e+02]]
[[ 3.30227755e-01  4.08900532e+01 -4.68991889e+02  2.92057161e+03
  -9.89352981e+03  1.89580933e+04 -2.05244897e+04  1.16851476e+04
  -2.71525912e+03]]
[[ 1.00014537e+00 -3.38976683e+00  4.24724437e+02 -5.24441042e+03
   3.00076231e+04 -9.42676687e+04  1.71808272e+05 -1.80903211e+05
   1.02005575e+05 -2.38267430e+04]]
[[-2.64878777e-02  7.32784689e+01 -1.40835015e+03  1.49983266e+04
  -9.23120077e+04  3.47672578e+05 -8.24138925e+05  1.23003474e+06
  -1.11841594e+06  5.64639181e+05 -1.21143272e+05]]
[[-1.96961263e+00  2.38645772e+02 -5.90685157e+03  7.28157605e+04
  -5.08328849e+05  2.18077648e+06 -6.01256659e+06  1.08484990e+07
  -1.27281733e+07  9.34877331e+06 -3.90239744e+06  7.06276631e+05]]
[[2.43301805]]
[[1.98304195 1.11461969]]
[[ 1.38378795  4.86746409 -3.92581506]]
[[  0.98453201   9.20685373 -14.73220149   7.2395693 ]]
[[  0.87817166  11.22931008 -24.56087899  23.72350385  -8.73673588]]
[[   1.04831528    3.33537826   42.3318521  -175.83191723  234.13090254
  -103.12860906]]
[[  1.03398333   4.93589997  23.11127496 -90.97214986  62.68153103
   57.60766997 -56.64853329]]
[[   1.03491692    4.57600509   29.0443217  -127.74211791  172.54199907
  -112.08125712   73.75572289  -39.41574263]]
[[ 1.01905419e+00  2.88808196e+01 -4.62632483e+02  3.70103241e+03
  -1.48545555e+04  3.25227665e+04 -3.96866980e+04  2.53943685e+04
  -6.64474521e+03]]
[[ 1.01959897e+00  2.58457579e+01 -3.91754338e+02  3.04379062e+03
  -1.16602164e+04  2.35116583e+04 -2.44140558e+04  1.00708032e+04
   1.73730873e+03 -1.92520915e+03]]
[[ 1.02797880e+00 -1.01485073e+02  3.05528452e+03 -3.49588052e+04
   2.13813420e+05 -7.76409741e+05  1.75050321e+06 -2.47265606e+06
   2.12751424e+06 -1.01892836e+06  2.08174478e+05]]
[[ 2.13613706e+00 -1.34496513e+03  4.04163407e+04 -5.00603071e+05
   3.39721122e+06 -1.40970989e+07  3.76831853e+07 -6.62241483e+07
   7.60643263e+07 -5.49636176e+07  2.26728367e+07 -4.07118590e+06]]
[[2.46567264]]
[[1.86003691 1.17564583]]
[[ 1.26885486  4.76558901 -3.47763106]]
[[  0.97811209   9.63847931 -16.89027548   9.20962482]]
[[  0.97388236   9.75082966 -17.39830316   9.98727748  -0.38214731]]
[[  1.08073659   5.73993486  11.44136323 -67.2198012   85.79847274
  -33.99910118]]
[[   0.94785113   12.1046394   -54.93743429  204.73668783 -433.78235675
   429.77001721 -156.14703301]]
[[   0.9867382     9.87880288  -24.68825697   38.67687743   15.30402487
  -205.42468062  294.52208962 -126.59207498]]
[[ 1.00899253e+00  8.34604597e+00  2.87011388e+00 -1.67825864e+02
   8.02813844e+02 -1.86439433e+03  2.24660136e+03 -1.32739996e+03
   3.00662102e+02]]
[[ 9.74009238e-01  1.14908994e+01 -7.52709338e+01  6.29642494e+02
  -3.33526445e+03  1.02662930e+04 -1.86956956e+04  1.97627510e+04
  -1.11522178e+04  2.59003740e+03]]
[[ 1.00569602e+00  8.90088836e+00  5.03040598e+00 -3.65680548e+02
   2.93800480e+03 -1.25040147e+04  3.17897773e+04 -4.97377231e+04
   4.68289322e+04 -2.42549580e+04  5.29348655e+03]]
[[ 1.07065285e+00 -5.58839169e+00  4.99243001e+02 -7.43997693e+03
   5.64632003e+04 -2.53073408e+05  7.14435639e+05 -1.30489321e+06
   1.53845382e+06 -1.12952555e+06  4.69394667e+05 -8.43073084e+04]]
[[2.51744415]]
[[2.17529387 0.6917538 ]]
[[ 1.44912491  4.95452678 -4.26624551]]
[[  1.16200396   7.86141051 -11.12357776   4.47139475]]
[[  0.73777243  14.66285746 -40.29714414  49.19629883 -22.28884435]]
[[   0.52823845   19.76782497  -74.30896134  138.0952892  -121.38448861
    39.49360367]]
[[   0.46282387   22.01544492  -95.55021468  221.85551646 -278.67525931
   179.08043382  -47.07308322]]
[[ 7.63707800e-01  9.10749606e+00  5.96963504e+01 -5.92005147e+02
   1.88955057e+03 -2.89039267e+03  2.15267062e+03 -6.27594357e+02]]
[[ 7.24165389e-01  1.10570523e+01  3.11541044e+01 -4.00746944e+02
   1.20403504e+03 -1.49313502e+03  5.31510681e+02  3.68605837e+02
  -2.51459834e+02]]
[[ 3.12999457e-01  3.35742735e+01 -3.56037184e+02  2.74821942e+03
  -1.29280445e+04  3.60662144e+04 -6.00111207e+04  5.84465830e+04
  -3.07337521e+04  6.73620052e+03]]
[[ 4.51024851e-01  2.49967255e+01 -1.87950445e+02  1.14422519e+03
  -4.23264321e+03  7.21515980e+03  6.07823725e+02 -2.24619062e+04
   3.57125542e+04 -2.38697096e+04  6.04925035e+03]]
[[ 4.63362849e+00 -2.57927704e+02  6.06234697e+03 -6.74200129e+04
   4.33213385e+05 -1.74564051e+06  4.58851585e+06 -7.97891054e+06
   9.09516290e+06 -6.53120516e+06  2.67880896e+06 -4.78333976e+05]]
[[2.52323021]]
[[1.89172685 1.16567122]]
[[ 1.18835681  4.98926975 -3.62556618]]
[[  0.7129753    9.76447824 -14.83933583   7.23855934]]
[[  0.42790986  14.11021726 -32.37980996  32.87627386 -12.3104638 ]]
[[  0.59467096  10.79516896 -13.02606213 -13.71872402  36.77941929
  -18.76438474]]
[[   1.21337371   -4.63764456  110.58587825 -453.11731557  803.41726514
  -661.76759787  207.17927043]]
[[ 2.67702364e+00 -4.66018951e+01  5.20001455e+02 -2.32216598e+03
   5.30312297e+03 -6.54619219e+03  4.15871932e+03 -1.06695455e+03]]
[[ 8.45383894e-01  1.24276111e+01 -1.66681126e+02  1.61913242e+03
  -7.29497963e+03  1.69263238e+04 -2.11430234e+04  1.35410300e+04
  -3.49276522e+03]]
[[ 2.22819910e+00 -3.81007538e+01  5.32605777e+02 -3.32011905e+03
   1.27457933e+04 -3.23971090e+04  5.36147765e+04 -5.45824958e+04
   3.07133644e+04 -7.26881624e+03]]
[[ 3.95012898e+00 -1.11013717e+02  1.71045726e+03 -1.32488471e+04
   6.20199830e+04 -1.85266944e+05  3.58049434e+05 -4.43274420e+05
   3.38071459e+05 -1.44239155e+05  2.62874978e+04]]
[[ 1.98300676e+00 -1.38727547e+01 -1.20490672e+00  2.55265664e+03
  -2.56311496e+04  1.26441460e+05 -3.76512780e+05  7.16231024e+05
  -8.74087676e+05  6.60881199e+05 -2.81339220e+05  5.14799878e+04]]
[[2.56349169]]
[[2.02121493 0.96672389]]
[[ 1.30941819  4.55756364 -3.39114469]]
[[  0.8160916   10.0344055  -16.25461331   8.17327113]]
[[  0.57076244  14.84934741 -37.21568844  40.13639086 -15.74322828]]
[[  0.54683219  15.76174125 -43.93492002  58.22197438 -36.04027235
    8.06526552]]
[[   0.52986974   16.93257344  -56.23123631  106.67514263 -124.38347501
    83.53187098  -24.44705732]]
[[ 6.92364994e-01  7.66685979e-01  1.64623761e+02 -1.07762068e+03
   3.00597960e+03 -4.26166405e+03  3.01134922e+03 -8.41596780e+02]]
[[ 3.53111859e-01  3.92049288e+01 -4.57833660e+02  3.06067141e+03
  -1.12263242e+04  2.32631865e+04 -2.71974836e+04  1.67191428e+04
  -4.19845432e+03]]
[[ 9.49841366e-01 -3.14259601e+01  8.44545162e+02 -7.23011631e+03
   3.25796985e+04 -8.67327631e+04  1.40634471e+05 -1.36174517e+05
   7.22483035e+04 -1.61367379e+04]]
[[ 1.40356507e+00 -8.82817267e+01  2.04404587e+03 -1.84637263e+04
   9.09035663e+04 -2.70931900e+05  5.08890126e+05 -6.04575143e+05
   4.39585479e+05 -1.78040054e+05  3.06769198e+04]]
[[ 6.56945066e+00 -6.50869741e+02  1.49328972e+04 -1.54189451e+05
   9.01417293e+05 -3.28873074e+06  7.84607184e+06 -1.24523932e+07
   1.30422885e+07 -8.66437485e+06  3.30920472e+06 -5.53579579e+05]]
[[2.56744044]]
[[2.09892405 0.8718632 ]]
[[ 1.51135351  3.61184645 -2.50163413]]
[[  0.76076094  10.28322115 -17.27062451   9.14816839]]
[[  0.64353432  12.15604462 -25.09013807  20.92488656  -5.77110203]]
[[  0.4652567   16.67631893 -54.17090969  95.05502848 -87.17630831
   32.12063096]]
[[-2.68373398e-01  4.13460659e+01 -2.70329300e+02  8.97115102e+02
  -1.52820616e+03  1.27045773e+03 -4.07615901e+02]]
[[-1.86862180e-01  3.82712859e+01 -2.38112037e+02  7.45941816e+02
  -1.15857739e+03  7.81200581e+02 -7.53865916e+01 -9.06784781e+01]]
[[ 3.25366930e-01  1.76840333e+01  7.73721892e+00 -6.35181167e+02
   3.10667777e+03 -6.88440397e+03  7.91322195e+03 -4.56473301e+03
   1.04120555e+03]]
[[-3.49478528e+00  1.83339503e+02 -2.29872730e+03  1.51632991e+04
  -5.87803609e+04  1.40803597e+05 -2.10403215e+05  1.90465725e+05
  -9.53456460e+04  2.02183658e+04]]
[[-2.71933991e+00  1.52503748e+02 -1.82105116e+03  1.14156674e+04
  -4.14847945e+04  9.04942044e+04 -1.15545341e+05  7.47426392e+04
  -7.21085891e+03 -1.78615624e+04  7.12413964e+03]]
[[-2.89253588e+00  1.53478864e+02 -1.96499337e+03  1.41964758e+04
  -6.48461072e+04  2.00597522e+05 -4.36294445e+05  6.74999983e+05
  -7.30878901e+05  5.25668576e+05 -2.24278179e+05  4.26525230e+04]]
[[2.58530397]]
[[1.88344207 1.33538107]]
[[ 1.18004452  5.57251436 -4.24623805]]
[[  0.9137288    9.58698705 -14.72799131   7.07558147]]
[[  0.85875317  11.63591943 -24.79541243  23.02383992  -7.95497433]]
[[   0.75644911   17.50118186  -66.26448673  129.57429892 -123.08070124
    44.36360774]]
[[  0.76942139  16.49976781 -55.64369855  86.46390024 -42.06483111
  -26.67685956  23.51285884]]
[[   0.75362732   18.12260435  -80.64998071  231.20526683 -444.61218477
   552.93930763 -393.07302023  118.18672835]]
[[ 6.20078077e-01  3.51653825e+01 -4.28045812e+02  2.89490080e+03
  -1.05758318e+04  2.17054061e+04 -2.50666222e+04  1.51976089e+04
  -3.76043538e+03]]
[[ 6.33614207e-01  3.29185941e+01 -3.65939876e+02  2.25628757e+03
  -7.30138964e+03  1.22627924e+04 -9.03510032e+03 -7.00088993e+02
   4.75653897e+03 -1.90390197e+03]]
[[ 6.25121930e-01  3.66053678e+01 -5.23123711e+02  4.47204830e+03
  -2.23008207e+04  6.92811233e+04 -1.39680121e+05  1.83725796e+05
  -1.52247398e+05  7.20314109e+04 -1.47934154e+04]]
[[ 5.46739411e-01  3.78922320e+01 -5.73106640e+02  5.33415508e+03
  -2.93769620e+04  1.02204844e+05 -2.34262521e+05  3.57764564e+05
  -3.57980548e+05  2.23206400e+05 -7.76565662e+04  1.13040063e+04]]
[[2.31835412]]
[[1.68676256 1.38950144]]
[[ 1.25277931  4.64120286 -3.57010047]]
[[  1.02734567   8.02018549 -12.54080879   6.21943421]]
[[  1.04082433   7.72415062 -11.15853717   3.99362947   1.15202942]]
[[  1.03766698   7.82624804 -11.94920936   6.26085862  -1.5493148
    1.13497118]]
[[  1.02974676   8.18820847 -16.02915119  23.99701224 -37.10931032
   34.33088072 -11.68315781]]
[[ 1.14932660e+00  8.61798532e-01  9.40109439e+01 -6.34991488e+02
   1.88507135e+03 -2.87861461e+03  2.19361861e+03 -6.59109805e+02]]
[[ 1.28992545e+00 -9.99955197e+00  2.99739824e+02 -2.24207979e+03
   8.23416246e+03 -1.67079627e+04  1.90337628e+04 -1.14004300e+04
   2.79454139e+03]]
[[ 1.58259484e+00 -3.67859345e+01  9.14070662e+02 -8.25051682e+03
   3.88693839e+04 -1.06246428e+05  1.74612418e+05 -1.70170408e+05
   9.06247083e+04 -2.03176942e+04]]
[[ 1.74670020e+00 -5.40833720e+01  1.39097700e+03 -1.40169573e+04
   7.60329989e+04 -2.47073528e+05  5.03761732e+05 -6.50145177e+05
   5.15807859e+05 -2.29582935e+05  4.38800524e+04]]
[[ 1.64543873e+00 -4.02269946e+01  9.32360892e+02 -7.35212720e+03
   2.37153930e+04 -1.03124329e+03 -2.28732415e+05  7.63949975e+05
  -1.24935997e+06  1.14490076e+06 -5.62952068e+05  1.15973231e+05]]