
[[ 136.31638518  651.36354501]
 [ 651.36354501 5438.09839618]]
[[  94.00659731 -401.93538007]
 [-401.93538007 7072.2356153 ]]
[[   36.03150004   285.87294505]
 [  285.87294505 16142.13173027]]
[[ 136.31638518  651.36354501]
 [ 651.36354501 5438.09839618]]
[[  94.00659731 -401.93538007]
 [-401.93538007 7072.2356153 ]]
[[   36.03150004   285.87294505]
 [  285.87294505 16142.13173027]]
[[ 136.31638518  651.36354501]
 [ 651.36354501 5438.09839618]]
[[  94.00659731 -401.93538007]
 [-401.93538007 7072.2356153 ]]
[[   36.03150004   285.87294505]
 [  285.87294505 16142.13173027]]
[[ 136.31638518  651.36354501]
 [ 651.36354501 5438.09839618]]
[[  94.00659731 -401.93538007]
 [-401.93538007 7072.2356153 ]]
[[   36.03150004   285.87294505]
 [  285.87294505 16142.13173027]]
[[ 136.31638518  651.36354501]
 [ 651.36354501 5438.09839618]]
[[  94.00659731 -401.93538007]
 [-401.93538007 7072.2356153 ]]
[[   36.03150004   285.87294505]
 [  285.87294505 16142.13173027]]